17.119207
17.119207
17.119207
17.878241
19.442503
19.442503
19.442503
19.442503
19.442503
19.442503
19.442503
19.442503
19.442503
19.442503
17.793623
17.793623
17.793623
17.793623
17.793623
16.388321
16.368382
16.368382
16.368382
16.368382
16.966249
16.966249
16.966249
16.966249
16.966249
17.069683
17.069683
17.069683
17.069683
17.069683
17.719786
17.719786
17.719786
17.719786
17.719786
17.719786
17.719786
17.719786
17.719786
17.719786
16.811666
16.811666
16.811666
16.811666
16.811666
16.707705
16.707705
16.707705
19.865768
39.938641
45.333656
45.333656
45.333656
45.333656
45.333656
45.333656
45.333656
45.333656
45.333656
45.333656
44.030167
44.030167
44.030167
44.030167
44.030167
41.954456
31.650229
31.650229
31.650229
31.650229
25.147116
21.172668
21.172668
21.172668
28.274649
31.907978
31.907978
31.907978
31.907978
41.010277
43.513851
43.513851
43.513851
43.513851
43.513851
43.513851
43.513851
43.513851
43.513851
43.513851
42.263153
42.263153
42.263153
42.263153
42.263153
39.814316
39.514851
39.514851
39.514851
39.514851
38.699188
38.699188
38.699188
38.699188
38.699188
35.765213
33.47427
33.47427
33.47427
33.47427
28.709677
18.969006
18.969006
18.969006
20.373499
22.703819
22.703819
22.703819
22.703819
33.119503
36.841591
36.841591
36.841591
36.841591
37.105755
40.572491
40.572491
40.572491
40.572491
40.572491
40.572491
40.572491
40.572491
40.572491
40.572491
38.717693
38.70171
38.70171
38.70171
38.70171
34.551292
34.103527
34.103527
34.103527
37.720703
40.352863
40.352863
40.352863
40.352863
44.925022
48.221081
48.221081
48.221081
48.221081
48.221081
48.221081
48.221081
48.221081
48.221081
48.221081
47.189468
47.189468
47.189468
47.189468
47.189468
43.412029
42.365475
42.365475
42.365475
42.365475
40.339096
40.339096
40.339096
40.339096
40.339096
42.838066
42.838066
42.838066
42.838066
42.928059
45.568424
45.568424
45.568424
45.568424
45.568424
45.568424
45.568424
45.568424
45.568424
45.568424
43.692898
43.692898
43.692898
43.692898
43.692898
41.982708
41.982708
41.982708
41.982708
41.982708
42.107346
42.107346
42.107346
42.107346
42.107346
43.119728
43.119728
43.119728
43.119728
43.119728
44.00705
44.00705
44.00705
44.00705
44.00705
44.00705
44.00705
44.00705
44.00705
44.00705
42.759758
42.759758
42.759758
42.759758
42.759758
41.961349
41.961349
41.961349
41.961349
41.961349
42.99876
42.99876
42.99876
42.99876
42.99876
42.99876
42.99876
42.99876
42.99876
42.99876
43.056694
43.056694
43.056694
43.056694
43.056694
43.056694
43.056694
43.059643
43.059643
43.059643
43.059643
43.044342
43.044342
43.044342
43.044342
43.044342
43.044342
43.044342
43.044342
43.044342
43.044342
42.778042
42.778042
42.778042
42.778042
42.778042
42.778042
42.778042
42.778042
42.778042
42.778042
42.994118
42.994118
42.994118
42.994118
42.994118
42.994118
42.994118
42.994118
42.994118
42.994118
42.953819
42.953819
42.953819
42.953819
42.953819
42.953819
42.953819
42.953819
42.953819
42.953819
42.858425
42.858425
42.858425
42.858425
42.858425
42.858425
42.858425
42.858425
42.858425
42.858425
43.154278
43.154278
43.154278
43.154278
43.154278
43.154278
43.154278
43.154278
43.154278
43.154278
43.137218
43.137218
43.137218
43.137218
43.137218
43.137218
43.137218
43.137218
43.137218
43.137218
43.082352
43.082352
43.082352
43.082352
43.082352
43.082352
43.082352
43.082352
43.082352
43.082352
42.973217
42.973217
42.973217
42.973217
42.973217
42.973217
42.973217
42.973217
42.973217
42.973217
43.104366
43.104366
43.104366
43.104366
43.104366
43.104366
43.104366
43.104366
43.104366
43.104366
45.841049
45.841049
45.841049
45.841049
45.841049
45.841049
45.841049
45.841049
45.841049
45.841049
43.641335
43.641335
43.641335
43.641335
43.641335
41.884949
41.884949
41.884949
41.884949
41.884949
42.694561
42.694561
42.694561
42.694561
42.694561
43.42202
43.42202
43.42202
43.42202
43.42202
43.969452
43.969452
43.969452
43.969452
43.969452
43.969452
43.969452
43.969452
43.969452
43.969452
42.917561
42.917561
42.917561
42.917561
42.917561
42.33746
42.33746
42.33746
42.33746
42.33746
42.996189
42.996189
42.996189
42.996189
42.996189
42.996189
42.996189
42.996189
42.996189
42.996189
43.626034
43.626034
43.626034
43.626034
43.626034
43.626034
43.626034
43.626034
43.626034
43.626034
42.925739
42.925739
42.925739
42.925739
42.925739
42.925739
42.925739
42.925739
42.925739
42.925739
43.145493
43.145493
43.145493
43.145493
43.145493
43.145493
43.145493
43.145493
43.145493
43.145493
43.072708
43.072708
43.072708
43.072708
43.072708
43.072708
43.072708
43.072708
43.072708
43.072708
43.037178
43.037178
43.037178
43.037178
43.037178
43.037178
43.037178
43.037178
43.037178
43.037178
43.248215
43.248215
43.248215
43.248215
43.248215
43.248215
43.248215
43.248215
43.248215
43.248215
46.597771
46.597771
46.597771
46.597771
46.597771
46.597771
46.597771
46.597771
46.597771
46.597771
43.473545
43.473545
43.473545
43.473545
43.473545
43.288219
43.288219
43.288219
43.288219
43.288219
42.430492
42.430492
42.430492
42.430492
42.430492
42.430492
42.430492
42.430492
42.430492
42.430492
43.492931
43.492931
43.492931
43.492931
43.492931
43.492931
43.492931
43.492931
43.492931
43.492931
43.200535
43.200535
43.200535
43.200535
43.200535
43.200535
43.200535
43.200535
43.200535
43.200535
42.800617
42.800617
42.800617
42.800617
42.800617
42.800617
42.800617
42.800617
42.800617
42.800617
43.24559
43.24559
43.24559
43.24559
43.24559
43.24559
43.24559
43.24559
43.24559
43.24559
42.908081
42.908081
42.908081
42.908081
42.908081
42.908081
42.908081
42.908081
42.908081
42.908081
43.088631
43.088631
43.088631
43.088631
43.088631
43.088631
43.088631
43.088631
43.088631
43.088631
43.060658
43.060658
43.060658
43.060658
43.060658
43.060658
43.060658
43.060658
43.060658
43.060658
43.172318
43.172318
43.172318
43.172318
43.172318
43.172318
43.172318
43.172318
43.172318
43.172318
42.767735
42.767735
42.767735
42.767735
42.767735
42.767735
42.767735
42.767735
42.767735
42.767735
43.065071
43.065071
43.065071
43.065071
43.065071
43.065071
43.065071
43.065071
43.065071
43.065071
42.96854
42.96854
42.96854
42.96854
42.96854
42.96854
42.96854
42.96854
42.96854
42.96854
43.284084
43.284084
43.284084
43.284084
43.284084
43.284084
43.284084
43.284084
43.284084
43.284084
43.059643
43.059643
43.059643
43.059643
43.044342
43.044342
43.044342
43.044342
43.044342
43.044342
43.044342
43.044342
43.044342
43.044342
43.766945
43.766945
43.766945
43.766945
43.766945
43.766945
43.766945
43.766945
43.766945
43.766945
42.692417
42.692417
42.692417
42.692417
42.692417
42.692417
42.692417
42.692417
42.692417
42.692417
43.287598
43.287598
43.287598
43.287598
43.287598
43.287598
43.287598
43.287598
43.287598
43.287598
42.996468
42.996468
42.996468
42.996468
42.996468
42.996468
42.996468
42.996468
42.996468
42.996468
42.7272
42.7272
42.7272
42.7272
42.7272
42.7272
42.7272
42.7272
42.7272
42.7272
43.264359
43.264359
43.264359
43.264359
43.264359
43.264359
43.264359
43.264359
43.264359
43.264359
43.020535
43.020535
43.020535
43.020535
43.020535
43.020535
43.020535
43.020535
43.020535
43.020535
42.765587
42.765587
42.765587
42.765587
42.765587
42.765587
42.765587
42.765587
42.765587
42.765587
43.173058
43.173058
43.173058
43.173058
43.173058
43.173058
43.173058
43.173058
43.173058
43.173058
43.034771
43.034771
43.034771
43.034771
43.034771
43.034771
43.034771
43.034771
43.034771
43.034771
43.202923
43.202923
43.202923
43.202923
43.202923
43.202923
43.202923
43.202923
43.202923
43.202923
43.696842
43.696842
43.696842
43.696842
43.696842
44.538948
44.538948
44.538948
44.538948
44.538948
44.538948
44.538948
44.538948
44.538948
44.538948
44.068996
44.068996
44.068996
44.068996
44.068996
41.957623
41.957623
41.957623
41.957623
41.957623
41.80611
41.80611
41.80611
41.80611
41.80611
43.903229
43.903229
43.903229
43.903229
43.903229
43.903229
43.903229
43.903229
43.903229
43.903229
43.341412
43.341412
43.341412
43.341412
43.341412
43.300083
43.300083
43.300083
43.300083
43.300083
42.690865
42.690865
42.690865
42.690865
42.690865
42.690865
42.690865
42.690865
42.690865
42.690865
43.418983
43.418983
43.418983
43.418983
43.418983
43.418983
43.418983
43.418983
43.418983
43.418983
43.055119
43.055119
43.055119
43.055119
43.055119
43.055119
43.055119
43.055119
43.055119
43.055119
42.912266
42.912266
42.912266
42.912266
42.912266
42.912266
42.912266
42.912266
42.912266
42.912266
43.063366
43.063366
43.063366
43.063366
43.063366
43.063366
43.063366
43.063366
43.063366
43.063366
42.804794
42.804794
42.804794
42.804794
42.804794
42.804794
42.804794
42.804794
42.804794
42.804794
43.045856
43.045856
43.045856
43.045856
43.045856
43.045856
43.045856
43.045856
43.045856
43.045856
43.001682
43.001682
43.001682
43.001682
43.001682
43.001682
43.001682
43.001682
43.001682
43.001682
42.864048
42.864048
42.864048
42.864048
42.864048
42.864048
42.864048
42.864048
42.864048
42.864048
43.16769
43.16769
43.16769
43.16769
43.16769
43.16769
43.16769
43.16769
43.16769
43.16769
42.942604
42.942604
42.942604
42.942604
42.942604
42.942604
42.942604
42.942604
42.942604
42.942604
43.008114
43.008114
43.008114
43.008114
43.008114
43.008114
43.008114
43.008114
43.008114
43.008114
43.115051
43.115051
43.115051
43.115051
43.115051
43.115051
43.115051
43.115051
43.115051
43.115051
43.050495
43.050495
43.050495
43.050495
43.050495
43.050495
43.050495
43.050495
43.050495
43.050495
43.043335
43.043335
43.043335
43.043335
43.043335
43.043335
43.043335
43.043335
43.043335
43.043335
42.905746
42.905746
42.905746
42.905746
42.905746
42.905746
42.905746
43.059643
43.059643
43.059643
43.059643
43.044342
43.044342
43.044342
43.044342
45.151764
47.686718
47.686718
47.686718
47.686718
47.686718
47.686718
47.686718
47.686718
47.686718
47.686718
46.622795
46.622795
46.622795
46.622795
46.622795
46.622795
46.622795
46.622795
46.622795
47.661831
49.248974
49.248974
49.248974
49.248974
49.248974
49.248974
49.248974
49.248974
49.248974
49.248974
46.177616
46.102455
46.102455
46.102455
46.102455
46.102455
46.102455
46.102455
46.102455
46.102455
47.663174
47.663174
47.663174
47.663174
47.663174
47.663174
47.663174
47.663174
47.663174
47.663174
48.174393
48.174393
48.174393
48.174393
48.174393
48.174393
48.174393
48.174393
48.174393
48.174393
46.955017
46.955017
46.955017
46.955017
46.955017
46.955017
46.955017
46.955017
46.955017
46.955017
47.444317
47.444317
47.444317
47.444317
47.444317
47.444317
47.444317
47.444317
47.444317
47.444317
47.910534
47.910534
47.910534
47.910534
47.910534
47.910534
47.910534
47.910534
47.910534
47.910534
43.641277
39.266933
39.266933
39.266933
39.266933
39.266933
39.266933
39.266933
39.266933
47.99379
50.861122
50.861122
50.861122
50.861122
50.861122
50.861122
50.861122
50.861122
50.861122
50.861122
48.426414
48.426414
48.426414
48.426414
48.426414
48.426414
48.426414
48.426414
48.426414
48.426414
44.759682
44.759682
44.759682
44.759682
44.759682
44.759682
44.759682
44.759682
44.759682
47.137936
50.956219
50.956219
50.956219
50.956219
50.956219
50.956219
50.956219
50.956219
50.956219
50.956219
46.201153
46.201153
46.201153
46.201153
46.201153
46.201153
46.201153
46.201153
46.201153
46.201153
42.823895
42.823895
42.823895
42.823895
45.693008
48.96191
48.96191
48.96191
48.96191
48.96191
48.96191
48.96191
48.96191
48.96191
48.96191
46.149471
46.149471
46.149471
46.149471
46.149471
43.285999
41.133759
41.133759
41.133759
41.133759
41.125862
41.125862
41.125862
41.125862
41.125862
43.886021
43.886021
43.886021
43.886021
43.886021
45.754791
45.754791
45.754791
45.754791
45.754791
45.754791
45.754791
45.754791
45.754791
45.754791
43.094379
43.094379
43.094379
43.094379
43.094379
41.451805
41.451805
41.451805
41.451805
41.451805
43.411926
43.411926
43.411926
43.411926
43.411926
43.455074
43.455074
43.455074
43.455074
43.455074
43.761265
43.761265
43.761265
43.761265
43.761265
43.761265
43.761265
43.761265
43.761265
43.761265
42.536667
42.536667
42.536667
42.536667
42.536667
42.331188
42.331188
42.331188
42.331188
42.331188
43.355331
43.355331
43.355331
43.355331
43.355331
43.355331
43.355331
43.355331
43.355331
43.355331
43.273037
43.273037
43.273037
43.273037
43.273037
43.273037
43.273037
43.273037
43.273037
43.273037
42.782234
42.782234
42.782234
42.782234
42.782234
42.782234
42.782234
42.782234
42.782234
42.782234
43.548008
43.548008
43.548008
43.548008
43.548008
43.548008
43.548008
43.548008
43.548008
43.548008
42.894272
42.894272
42.894272
42.894272
42.894272
42.894272
42.894272
42.894272
42.894272
42.894272
43.319679
43.319679
43.319679
43.319679
43.319679
43.319679
43.319679
43.319679
43.319679
43.319679
42.99942
42.99942
42.99942
42.99942
42.99942
42.99942
42.99942
42.99942
42.99942
42.99942
43.041088
43.041088
43.041088
43.041088
43.041088
43.041088
43.041088
43.041088
43.041088
43.041088
43.299839
43.299839
43.299839
43.299839
43.299839
43.299839
43.299839
