-0.07726238514 325.4920251 -0.0002373710542 16.09745575 49.52897281 204.470362 -23.18958922 181.2807728 0.9209198007 0.8215195084 33.34920633 0.190017283 0.9773276155 0.4826938184 -1.279760978 354.2909216 33.85480312 -45.70907836 -8.360744714 -10.29232294 -4.583430814 1 0.1158827633 -0.309927251 335 0 0 0 0 0 0 1532.340624 0 0 -1 335 0 0 0 0 0 0 0 9.04358433 1.725669089 1.008297165 -0.01736854294 0
0.1815702834 332.3233852 0.0005463662549 2.192383844 11.93041356 30.39364128 -16.27376961 14.11987167 0.1805573886 0.1599040982 14.68255147 0.8569580243 0.6834200781 0.149318996 -0.05938565867 335.4901188 9.744974125 -64.50988118 8.524962432 -4.490499334 19.23967008 0.135 0.3614961484 -0.007345497751 335 0 0 0 0 0 0 2422.858093 0 0 -1 335 -18.80080282 16.88570715 -37.59855925 -13.9050719 0 0 0 0.5512658657 0.1381326762 -2.164680496 0.2116442898 0
0.8417695855 327.5074763 0.002570230136 0.4246355407 16.0280295 27.1373323 -22.32328146 4.81405084 0.06275161411 0.06983750895 22.44530431 0.9950225259 0.2397089759 0.01891868049 -0.1274800503 343.3300324 31.92801467 -56.66996756 26.860839 19.417314 29.68201951 0 0.4296349937 0.04104847169 335 0 0 0 0 0 0 3645.142299 0 0 -1 335 7.83991363 18.33587657 4.097615936 -1.767748303 0 0 0 8.546593138 1.079391829 -2.373048376 -0.02770205476 0
-2.711650016 336.6554079 -0.008054675351 0.6728701546 10.9662769 17.95201129 -15.29709159 2.654919702 0.1307967708 0.06196093878 15.23868154 0.9979894872 0.2689911236 0.04415540497 -0.1163653764 356.4782987 10.72057722 -43.52170129 19.86276236 15.34303275 24.39572292 0 0.4360069407 0.04457862142 335 0 0 0 0 0 0 2551.1024 0 0 -1 335 13.14826627 -6.998076636 -5.061752603 0.2482346139 0 0 0 1.941601606 0.4702930059 -0.2941701418 0.002442762474 0
0.3335979731 331.5727787 0.001006107843 -0.7849758743 10.62053024 13.97515845 -17.11920766 -3.144049201 0.06432415465 0.05582226699 14.90696579 0.9982848774 0.2937486145 -0.05265832669 -0.0392942001 347.6718805 14.56852952 -52.32811953 18.62954828 15.32532065 21.74177988 0 0.4351131368 0.04406515837 335 0 0 0 0 0 0 2468.283296 0 0 -1 335 -8.806418241 -1.233214087 -0.3457466592 -1.457846029 0 0 0 2.471649674 0.557834694 1.152836675 -0.01079261841 0
0.04632381549 329.4611334 0.0001406047961 0.2539384127 12.67479843 19.5839741 -17.79951506 1.784459036 0.02392633473 0.04820349485 17.88974096 0.999185489 0.2329006543 0.01419463889 -0.01513025951 349.7522543 14.69324093 -50.2477457 21.78825051 19.22256873 23.88915385 0 0.4374982884 0.03715766819 335 0 0 0 0 0 0 2946.69834 0 0 -1 335 2.080373824 3.158702236 2.054268194 1.038914287 0 0 0 2.125957472 0.3723944056 -2.287229411 -0.01523188386 0
-0.2705416352 330.59781 -0.0008183406757 0.06573042797 11.06440643 16.52722559 -16.02993718 0.4972884105 0.01300709614 0.04397690278 15.62605164 0.9992945745 0.2644982658 0.004206464273 0.01781438749 351.0784687 10.93462002 -48.92153134 19.57355376 18.03980702 21.12951671 0 0.4428639366 0.04299925303 335 0 0 0 0 0 0 2582.681452 0 0 -1 335 1.326214367 -2.214696756 -1.610392004 -0.1882079848 0 0 0 0.9685171978 0.2140064565 0.5008369813 -0.005742791867 0
-0.1623996079 331.5698828 -0.0004897899851 -0.130671567 11.60030543 17.15482166 -17.1743057 -0.01948403627 0.01141793897 0.04963169463 16.3761853 0.9990699351 0.2662390438 -0.007979365438 0.01628721787 349.1566534 10.4728896 -50.84334657 20.31747602 18.21807205 22.13722286 0 0.4240231457 0.02918118683 335 0 0 0 0 0 0 2714.588606 0 0 -1 335 -1.921815233 0.743922261 0.5358990035 -0.196401995 0 0 0 0.2291668709 0.04575359157 2.419893011 -0.01080250848 0
-0.01992474567 331.899301 -6.003250266e-05 0.160517572 11.7309231 17.71978543 -16.93918292 0.7806025167 0.00923044506 0.04803198709 16.56370679 0.9991790684 0.2518221872 0.009690920883 0.02187510353 350.4090216 10.65196416 -49.59097842 20.46712364 18.58303952 22.22144656 0 0.4397992421 0.04281424476 335 0 0 0 0 0 0 2748.213359 0 0 -1 335 1.252368149 0.1496476208 0.1306176657 0.291189139 0 0 0 0.4812643022 0.09532757995 -1.994693242 0.001231656751 0
-0.1419393672 332.2193337 -0.0004272459571 -0.02006757819 11.33498758 16.6292559 -16.70770418 -0.07844827509 0.005176116504 0.04587183368 16.00815976 0.9992403727 0.259533693 -0.001253584328 0.02657872983 350.0915853 10.11021965 -49.90841472 19.84067868 18.42963088 21.25001994 0 0.4308362167 0.03579778786 335 0 0 0 0 0 0 2658.151833 0 0 -1 335 -0.3174362961 -0.6264449596 -0.3959355182 -0.1805851502 0 0 0 0.3855127613 0.08064629869 0.7412776795 0.0108280176 0
0.1472616425 331.6889294 0.0004439751508 0.3018113987 30.70641831 45.47734191 -44.03016791 1.447173996 0.0459525404 0.04184559237 43.24717043 0.9977509567 0.2080528863 0.006978754811 -0.00980910308 380.7672951 77.52741606 -19.23270494 49.7597423 18.68232125 56.58469971 0 0.4962922886 0.04827346682 335.4965965 0.9931929024 0.8847720104 0 0.99439 0.9951560548 1.99031211 7173.079657 333.3807291 0.04647665229 0.004159948922 -1.395648705 30.67570978 29.91906362 19.37143073 0.3218789769 0.4965964512 0.9931929024 0.04647665229 23.94410497 1.300899584 -2.432723701 -0.03939139547 0
-0.2011769514 332.114519 -0.000605745729 2.858786479 17.84673187 31.74014761 -24.68235741 7.057790209 0.1951986747 0.1010547464 24.18674315 0.9979021926 0.1981668732 0.1181964211 0.0372788685 417.3051436 19.19211041 17.3051436 30.65136966 20.2995729 44.06776683 0 0.5327300426 0.04097002537 336.4971524 2.994304757 0.8067580639 0 2.99432 0.99481867 1.98963734 4015.960223 1007.741663 0.2509341745 0.0004966976131 -0.1671373324 36.53784853 -19.10837264 -12.85968644 2.556975081 1.000555928 2.001111855 0.2044575222 5.870113543 1.182278087 -0.3691498678 0.01677150354 0
-0.01201050448 331.7353033 -3.620508387e-05 -2.612720014 18.69485757 21.29424434 -31.99341505 -10.69917071 0.1281103673 0.06872080622 25.7905209 0.9980056189 0.237006796 -0.1013054379 0.005850704713 390.6202202 31.66834827 -9.379779793 29.95103461 20.30736709 39.09888556 0 0.4853287727 0.02799702656 337.4971906 4.994381129 0.8645887764 0 4.994445 0.9956119096 1.991223819 4277.852167 1685.756404 0.3940660728 0.0006775394021 -0.2286676447 -26.68492339 -0.7003350551 0.8481257048 -5.471506493 1.000038186 2.000076372 0.1431318983 8.090359605 1.219043367 1.009378753 0.0170493003 0
0.02392348383 331.6454236 7.213572729e-05 0.09771115194 29.50800596 43.52639577 -42.4094579 1.116937872 0.009708140902 0.03735407476 41.69075972 0.9988530395 0.137451585 0.002343712434 -0.01023807366 394.9140894 35.85601938 -5.085910587 46.02334523 39.15910223 49.7703267 0 0.5107143012 0.04497733347 338.4973293 6.994658689 0.8579652556 0 6.9946 0.9945216763 1.989043353 6912.464111 2367.839985 0.3425464417 0.0009608297562 -0.3252383064 4.293869206 16.07231062 10.81314838 2.710431166 1.00013878 2.00027756 -0.0515196311 6.76509487 0.5554482073 -2.346039037 -0.01218573275 0
-0.1472238874 331.8964072 -0.0004435838538 0.0539330888 26.96765543 39.51484879 -38.83184166 0.6830071213 0.01225159918 0.02988099631 38.1124685 0.9996078843 0.1459277212 0.001415103533 0.008243851359 401.9101962 22.47946866 1.91019616 43.12308827 39.74055729 46.24913843 0 0.5190577549 0.04651412616 339.4972807 8.994561412 0.8452061329 0 8.994575 0.9949691011 1.989938202 6324.077516 3053.795827 0.4828839969 0.00058816958 -0.199681973 6.996106747 -2.900256958 -2.540350525 -0.04377806314 0.9999513619 1.999902724 0.1403375551 2.444818057 0.2620139148 0.3115042205 0.00374434781 0
-0.06128905302 331.7379439 -0.0001847514104 3.575005934 18.86848314 33.63960231 -19.86706812 13.77253419 0.1637939632 0.07223913221 25.68247937 0.9993178151 0.1804439715 0.1392001872 0.04317163708 412.7106635 25.16129037 12.71066354 31.70005188 17.96226344 42.12721477 0 0.5267416991 0.03854821802 340.4972945 10.9945891 0.8255644841 0 10.99455 0.9954531215 1.990906243 4256.187477 3743.794499 0.8796122162 0.0006519037657 -0.2219714685 10.80046738 -11.42303639 -8.099172291 3.521072846 1.000013843 2.000027686 0.3967282193 8.249430496 1.162734937 -1.826536867 -0.009446837602 0
-0.06123287601 331.8015473 -0.0001845466862 -2.256310217 12.86797166 13.46823902 -22.80456863 -9.336329614 0.1724187672 0.04569575489 17.56664025 0.9968282769 0.2858231581 -0.1284429 0.0301483531 396.7633275 34.67161615 -3.236672541 21.49121555 17.35884254 29.87567241 0 0.4990702996 0.03397980325 341.4972054 12.99441077 0.8614795809 0 12.9945 0.9945334546 1.989066909 2912.778087 4437.721648 1.523535785 0.0008969317425 -0.3062996835 -15.94733608 -10.20883632 -6.000511482 -5.831316151 0.9999108342 1.999821668 0.6439235685 11.64725418 2.250937501 0.7856878999 0.01513541986 0
-0.03661848558 331.8016927 -0.0001103625641 -1.145949811 26.51512997 36.84158925 -40.5724915 -3.730902247 0.04501574982 0.04391607148 37.34354659 0.9985727767 0.1686343218 -0.0306866893 -0.01639811381 389.3120304 35.84698738 -10.68796964 41.64716575 30.0680039 48.22107921 0 0.5049358124 0.04761560739 342.4972727 14.99454544 0.8805407904 0 14.994495 0.9945953808 1.989190762 6193.940776 5135.757627 0.829158336 0.0008988398208 -0.3078501872 -7.451297097 20.1559502 13.64715832 1.110360405 1.000067338 2.000134676 -0.6943774487 6.147637804 0.5429737269 -2.687364304 -0.01224830555 0
-0.03502076739 331.7406392 -0.0001055667086 1.143021721 24.8126621 38.71954911 -33.41893132 5.300617788 0.04846874264 0.04025403076 34.96322395 0.999442925 0.1422976705 0.03269211451 0.009381989704 404.9834269 21.35280399 4.983426856 39.86550911 34.05528801 45.25860515 0 0.5214471002 0.04368573448 343.4972337 16.99446741 0.8486308615 0 16.994455 0.9954255682 1.990851136 5799.061075 5837.719218 1.006666276 0.000536250995 -0.1842007333 15.67139649 -1.781656647 -1.702467872 2.288971532 0.9999609821 1.999921964 0.1775079404 2.500667163 0.2859926904 -1.296484896 0.001844893441 0
-0.08853223009 331.8082309 -0.0002668174622 -1.639232572 25.91325302 34.1035272 -40.4877794 -6.3842522 0.05838491023 0.03869304539 36.4496956 0.9993570658 0.1617535954 -0.0449724626 0.004009519016 394.7170696 28.96726632 -5.28293041 40.8102165 34.03675241 47.32976267 0 0.5032005587 0.04039048405 344.4971924 18.99438473 0.8733362498 0 18.99442 0.9945539686 1.989107937 6046.516646 6543.678914 1.082222922 0.0006488671854 -0.2235329236 -10.26635727 0.9447073959 1.100590912 -2.782254293 0.9999586638 1.999917328 0.07555664591 4.888728271 0.5340876988 0.9136398569 0.01474973186 0
-0.2700149852 332.1285738 -0.0008129833037 0.2634833303 32.76601614 48.26904702 -47.1894694 1.079577625 0.01223674079 0.03472171466 46.29977072 0.999183652 0.1256780316 0.005690812854 -0.008858086501 396.9084291 35.58219808 -3.091570851 50.80694824 44.83304648 54.54994448 0 0.5144389781 0.04787228295 345.000628 20.00125599 0.8697929154 0 20 0.006598246812 0.01319649362 7687.925303 6900.44588 0.8975693192 0.0006594530968 -0.2275117325 2.191359558 9.996731736 6.852763127 1.902715903 0.5034356256 1.006871251 -0.1846536031 5.233698098 0.4024149019 -2.482893206 -0.00731299253 0
-0.09314118997 331.9488632 -0.000280588971 0.6871355637 28.26876248 42.5711217 -39.59951695 2.971604747 0.02530161951 0.03251355742 39.92099921 0.9996843301 0.1359187672 0.01721238389 0.01262288227 404.5201937 21.87781068 4.520193672 45.07447583 40.19089824 49.76834631 0 0.5217210414 0.04583508966 345 20 0.8531208813 0 20 8.34097591e-09 1.66816001e-08 6625.041157 6900 1.041502964 0.0003032583461 -0.1046241294 7.611764523 -5.732472403 -4.497253666 0.4236522334 -0.0006279921679 -0.001255984336 0.1439336447 1.587121132 0.1607798622 -0.09127562687 -0.005186251821 0
-0.06667471849 331.8030797 -0.0002009466535 -0.7180872718 28.76141337 40.34777977 -43.03387133 -2.686091555 0.02402118111 0.03300965694 40.61600249 0.9995001547 0.1445631608 -0.01767991008 0.007611401869 397.4256618 24.89897491 -2.574338186 45.27165601 40.18307657 49.99486786 0 0.5026708935 0.03582550952 345 20 0.8684033304 0 20 0 0 6737.274605 6900 1.024153 0.0003645457794 -0.1257682939 -7.094531858 0.197180172 0.4926508966 -1.405222836 -6.191385182e-10 -1.238369407e-09 -0.01734996367 1.962522996 0.1874914028 1.125873219 0.001158724753 0
0.003178929182 331.8249229 9.580139893e-06 0.4023561496 30.74153659 45.59448081 -43.79579569 1.798685116 0.01019743694 0.03180198101 43.44198825 0.999455512 0.1308513532 0.009261918384 0.003132324497 399.9159046 26.77472561 -0.08409538932 48.25243021 43.87913628 52.12400813 0 0.5167396988 0.04578101105 345 20 0.8630563053 0 20 0 0 7207.060396 6900 0.9573945022 0.000434617526 -0.1499430465 2.490242797 2.980774202 1.980123222 1.120443421 0 0 -0.06675849804 2.286346716 0.1979849497 -2.319352819 -0.003161792351 0
-0.1567817347 332.0548123 -0.0004721561891 0.1826849832 28.6215017 41.98270967 -40.95005737 1.0326523 0.008592867849 0.02881223312 40.45261077 0.9995854514 0.1382107264 0.004516024545 0.008517849396 401.517743 22.11700704 1.51774297 45.36003506 42.1551314 48.70658155 0 0.5171171449 0.04547930842 345 20 0.859526282 0 20 0 0 6715.328841 6900 1.027499943 0.0003334862428 -0.1150527538 1.60183836 -2.892395153 -2.120034894 -0.2196711664 0 0 0.07010544065 1.130183883 0.1105685836 0.3509328435 -0.008039336991 0
0.05160513192 331.7383906 0.0001555597223 -0.226050391 29.44692186 42.24811428 -43.11972988 -0.8716156013 0.01007410855 0.03164438831 41.61211545 0.999463916 0.1408129578 -0.005432321538 0.004770965916 398.59457 22.33790966 -1.405430006 46.41007798 42.24643974 50.21531811 0 0.5150490047 0.04625087161 345 20 0.8658616645 0 20 0 0 6901.39168 6900 0.9997983479 0.0003703125528 -0.1277578307 -2.923172976 1.05004292 0.8254201584 -0.4087353741 0 0 -0.02770159488 0.4254799408 0.03934436337 1.588002951 -0.0004419915982 0
-0.139777788 332.0153663 -0.0004209979484 0.2932455114 29.90879849 44.16833832 -42.84972205 1.318616267 0.007036021385 0.03243474367 42.26654648 0.9994383771 0.1355818171 0.006938005014 0.00560070684 400.4181219 23.3995209 0.4181218918 47.14898208 43.34673449 50.74730326 0 0.5174630898 0.04665734502 345 20 0.8619303555 0 20 0 0 7015.551193 6900 0.983529278 0.0003841569223 -0.1325341382 1.823551898 0.7389041009 0.4618766348 0.5192959024 0 0 -0.0162690699 0.9731611643 0.08821010671 -2.144610788 -0.0004603284721 0
-0.0611612756 331.8330352 -0.000184313402 0.03054717311 28.99213205 42.07781685 -42.20957822 -0.1317613678 0.002843904467 0.02975407379 40.97733683 0.9995189318 0.1410227386 0.0007454650661 0.007088221581 400.3636849 21.81836106 0.3636848525 45.91497895 42.83764363 48.89805032 0 0.5123215146 0.04152216117 345 20 0.8620123745 0 20 0 0 6797.871931 6900 1.015023535 0.0003433351682 -0.118450633 -0.05443703937 -1.234003123 -0.9166664451 -0.2626983383 0 0 0.03149425724 0.6680411081 0.06376664878 0.5648126201 0.0003129944333 0
0.003627283962 331.8134799 1.093169561e-05 -0.02225386309 29.60646912 43.05791775 -42.87143939 0.1864783563 0.001815266705 0.03183486584 41.84291999 0.999460282 0.1395929393 -0.000531842976 0.004618370167 399.3886921 22.31108514 -0.6113078971 46.72732773 43.21260525 50.02527241 0 0.5168425602 0.04688701726 345 20 0.8641436629 0 20 0 0 6941.330071 6900 0.9940457995 0.0003745138987 -0.1292072951 -0.9749927495 0.8123487719 0.6143370697 -0.0528010362 0 0 -0.02097773581 0.2120307739 0.01946668593 -2.752822223 0.0001327058007 0
-0.1489884874 332.034866 -0.0004487133814 0.1629047392 29.53346078 43.05669321 -42.33700093 0.7196922808 0.003575349683 0.03134442484 41.7400771 0.9994933681 0.1390827309 0.003902837525 0.006534004097 400.3408036 22.01960568 0.3408035995 46.70084495 43.39584919 50.01133379 0 0.5123755374 0.04206092811 345 20 0.86207997 0 20 0 0 6928.592126 6900 0.9958733138 0.0003646027774 -0.1257879582 0.9521114966 -0.02648277564 -0.07300834075 0.1851586023 0 0 0.001827514331 0.3203796178 0.0296436552 -1.874549174 -0.01113827288 0
0.07961314747 331.6610811 0.0002400436832 -0.00241229305 29.44183264 43.41694948 -43.47214643 -0.05519695092 0.0004247150877 0.05725905674 41.5597823 0.9988811791 0.1445971001 -5.804392892e-05 0.007727781521 400.0473133 22.12449892 0.04731325513 46.54299289 43.51068235 49.69392564 0 0.5177577862 0.04680474959 0 0 0 0 0 0 0 6890.23105 0 0 0 0 0 0 0 0 0 0 0 0.07368227595 0.00670952047 0.5467274098 0.0004526692781 0
-0.04791664196 331.7922207 -0.0001444176173 -0.01836877712 29.52067788 43.5257083 -43.77296448 -0.2472561726 0.001468582665 0.05708555551 41.67084692 0.9988747725 0.1445598953 -0.0004408064266 0.01009175444 399.905561 22.19235599 -0.09443902438 46.64876055 43.53643141 49.86212724 0 0.5175775946 0.04707137682 345 20 0.8630339794 0 20 0 0 6911.0409 6900 0.9984024259 0.0003828628652 -0.1320876885 -0.1417522795 0.1057676617 0.07884524511 -0.01595648407 0 0 0 0.02546752415 0.002308411029 2.281681179 3.021788762e-05 0
-0.06295161225 331.7045524 -0.0001897821775 -1.034248824 30.85076497 43.68783836 -47.05939337 -3.371555011 0.02811556831 0.05343055281 43.50123045 0.9989597912 0.1337319434 -0.02377516252 -0.00134492148 397.3850514 24.39375839 -2.614948616 47.81468799 43.65343907 51.54167717 0 0.5115629472 0.04530036261 345 20 0.8684829935 0 20 0 0 7213.358055 6900 0.956558644 0.0003540840668 -0.122159003 -2.520509592 1.165927438 1.330087088 -1.015880047 0 0 -0.04184378195 4.576302203 0.4926229031 -0.2817063511 0.02125447206 0
0.1629628505 331.3891156 0.0004917567983 -1.467977774 43.21842904 60.19195071 -66.42301 -6.231059294 0.03954118172 0.0511552022 60.92913736 0.9993356968 0.09983096233 -0.02409319806 0.003688596251 388.8371143 39.40549151 -11.16288573 64.73507912 51.65623181 73.01127282 0 0.5047424109 0.0472675573 345 20 0.8879612767 0 20 0 0 10094.0219 6900 0.6835729176 0.0007892765908 -0.2723004238 -8.547937115 16.92039113 12.36766407 -0.4337289498 0 0 -0.2729857264 5.101058839 0.3631819431 -2.989768688 -0.0134531537 0
-0.1268308259 331.6850092 -0.0003823833528 1.88108659 40.35296672 62.32339842 -54.89742307 7.425975355 0.03924042951 0.04310473954 56.89135511 0.9992911731 0.1063435231 0.03306454182 0.008659517472 406.6169213 27.87716893 6.616921305 62.75957323 53.69507692 70.06226195 0 0.5248579403 0.04533089465 345 20 0.8488388109 0 20 0 0 9433.19403 6900 0.7314595648 0.0004412288996 -0.1522239704 17.77980704 -1.975505894 -2.865462317 3.349064364 0 0 0.04788664721 3.78872266 0.3336706397 -1.817563341 0.0005623612782 0
0.1010519772 331.3000227 0.0003050165116 -0.8224240667 36.62342585 51.9353656 -54.86545255 -2.930086947 0.01645068306 0.04421426803 51.71166958 0.999259082 0.1128285637 -0.01590403237 0.001805797546 399.9586109 29.92040246 -0.04138905348 56.40678749 52.90003714 60.45536461 0 0.5154485683 0.04469478968 345 20 0.8628996231 0 20 0 0 8564.710639 6900 0.8056314207 0.0003598104972 -0.1241346215 -6.658310358 -6.352785733 -3.729540875 -2.703510657 0 0 0.07417185591 4.652154016 0.4838039823 0.8158207669 0.0054562662 0
-0.0006359706594 331.3955021 -1.91906847e-06 -0.2330131684 40.99528712 59.37432814 -60.5292325 -1.154904358 0.009831561376 0.04513078298 57.90315035 0.9993202846 0.1040216177 -0.004024188096 0.005047723338 396.8216438 29.32006683 -3.178356163 62.54968291 56.61286889 66.98050368 0 0.5138322914 0.04605571913 345 20 0.8698470781 0 20 0 0 9592.551822 6900 0.7193080765 0.0005047751619 -0.1741474309 -3.13696711 6.142895416 4.371861267 0.5894108984 0 0 -0.08632334421 2.328923761 0.1907543954 -2.700046719 -0.004154905841 0
-0.04674375022 331.3956468 -0.0001410511896 0.5905055067 39.22144054 58.40565788 -55.9554013 2.450256585 0.01366425325 0.04242818783 55.39715844 0.9992882056 0.1078052494 0.01065949091 0.005642423627 402.5914888 23.17024265 2.591488824 60.64054841 55.82113988 65.09990596 0 0.5197922344 0.04527477309 345 20 0.8572626668 0 20 0 0 9177.405572 6900 0.7518464718 0.0003671111607 -0.1266533504 5.769844987 -1.9091345 -1.77384658 0.823518675 0 0 0.03253839532 0.8852743929 0.08149293063 -1.344855148 0.00127602493 0
0.07749770384 331.1374909 0.0002340348223 -0.3713594639 38.56467476 55.69186662 -57.086047 -1.394180385 0.007891037449 0.04399680973 54.47206575 0.9992886688 0.1089767442 -0.006817429424 0.003594250996 399.3860228 24.21611643 -0.6139772069 59.2596783 55.7639227 63.00350926 0 0.5164672367 0.04544377767 345 20 0.8641374001 0 20 0 0 9017.467165 6900 0.7651816052 0.0003605779255 -0.1243993843 -3.205466031 -1.380870112 -0.6567657796 -0.9618649705 0 0 0.01333513332 1.470026936 0.1382560934 0.939260499 0.001292391911 0
-0.04727317828 331.2697776 -0.0001427029614 0.02893332788 39.95941681 58.37468621 -58.49296163 -0.1182754232 0.001706942853 0.04358962622 56.44889528 0.9993162891 0.10622416 0.0005125579116 0.005360816513 399.2304046 24.78265415 -0.7695954014 61.32878953 57.58926443 64.71232162 0 0.5164835961 0.04574883687 345 20 0.8645240631 0 20 0 0 9348.218506 6900 0.7381085493 0.0004182362415 -0.1442915033 -0.1556181945 2.069111231 1.39474205 0.4002927918 0 0 -0.02707305583 0.9562330968 0.08359453772 -2.507357807 -0.001676646657 0
0.0650217549 331.0965607 0.0001963830575 0.1701959657 39.15788904 57.56189506 -56.76991964 0.7919754188 0.004097123905 0.0430632126 55.3169402 0.9992972187 0.1078352082 0.003076742226 0.004517959036 400.8920459 22.13884702 0.8920459349 60.3451144 56.88354082 63.86484913 0 0.5184681181 0.045592255 345 20 0.8608982067 0 20 0 0 9156.102605 6900 0.7535957489 0.0003688215065 -0.1272434197 1.661641336 -0.9836751291 -0.801527766 0.1412626379 0 0 0.0154871996 0.2619085309 0.02404137176 -0.5317439465 -3.355762291e-05 0
-0.01598605882 331.086324 -4.828365796e-05 -0.1326815736 39.14800568 56.96689869 -57.5217213 -0.5548226138 0.003249211676 0.043993914 55.30068266 0.999287969 0.1080150674 -0.00239927551 0.004324237601 399.6281619 22.24280102 -0.3718381383 60.166491 56.82650868 63.58795752 0 0.5171716605 0.04573698726 345 20 0.8636277703 0 20 0 0 9152.995317 6900 0.753851582 0.0003767489507 -0.129978388 -1.263884073 -0.1786234029 -0.009883359799 -0.3028775394 0 0 0.0002558331087 0.4155715916 0.03798171453 1.047303756 0.0009382294391 0
-0.01007138757 331.0761217 -3.042015692e-05 0.02879333735 39.55945862 57.7769681 -57.72780583 0.04916227533 0.0005327904388 0.04363593345 55.88386239 0.9993091412 0.1071973758 0.0005152352776 0.004814173306 399.8387521 23.03391535 -0.1612479353 60.81660332 57.63513647 64.03566635 0 0.5175086049 0.04586699671 345 20 0.863183878 0 20 0 0 9249.297578 6900 0.7460025955 0.0003894625421 -0.134364577 0.2105902029 0.6501123268 0.4114529403 0.161474911 0 0 -0.007848986549 0.3554172645 0.03183191908 -2.438457992 -0.001044864119 0
0.04083055248 330.925067 0.0001233830753 0.07045317819 39.23885151 57.4731855 -57.09329828 0.3798872149 0.001073888144 0.04297826258 55.43216739 0.9993185572 0.1078294556 0.001270980038 0.004755572174 400.2933402 22.13835457 0.293340154 60.39825857 57.31073764 63.64946083 0 0.5179369797 0.04541529476 345 20 0.8621927657 0 20 0 0 9170.33276 6900 0.7524263492 0.000376875484 -0.130022042 0.4545880893 -0.4183447514 -0.3206071093 0.04165984084 0 0 0.006423753713 0.1304631078 0.01191112405 -0.04853388629 -0.0006244433527 0
4.900694741e-05 330.8567175 1.481213613e-07 0.3202334982 38.86439386 57.34417412 -56.94250827 0.401665855 0.009285548768 0.04532339177 54.88648763 0.9992282181 0.1126484005 0.005834468775 0.01005450269 400.8513561 31.94745693 0.8513561101 60.08559915 53.46636618 63.72082146 0 0.5205996553 0.04689638569 345 20 0.861130223 0 20 0 0 9077.736953 6900 0.7601013375 0.000536862854 -0.1852176846 0.5580159561 -0.3126594267 -0.3744576489 0.24978032 0 0 0.007674988332 2.030825457 0.1601699782 2.542320187 -0.00484513848 0
-0.002385465571 330.9419939 -7.208107811e-06 2.349241665 28.25748723 46.10121725 -36.21044057 9.890776679 0.08142572468 0.05513898404 39.58662902 0.9988919014 0.1470103386 0.05934432214 0.01262844337 411.9638402 24.09913622 11.96384019 45.87860379 35.79971322 54.61523677 0 0.5316436034 0.04474016541 345 20 0.8377093707 0 20 0 0 6549.710324 6900 1.053481705 0.0003071573981 -0.1059693023 11.11248408 -14.20699535 -10.60690664 2.029008167 0 0 0.2933803675 3.256370684 0.3370083267 -0.8389297285 0.006987452777 0
0.005919330148 330.8189711 1.789295858e-05 -1.777712073 26.91140663 36.26349929 -43.1926791 -6.929179804 0.053370973 0.06586299581 37.81366362 0.9988093531 0.1506326193 -0.04701242627 0.003200202124 395.9726235 33.51888327 -4.027376502 41.89842883 35.68766155 48.44295935 0 0.5120106838 0.04581636507 345 20 0.8716472874 0 20 0 0 6253.169267 6900 1.103440464 0.0004303279666 -0.1484631485 -15.99121669 -3.980174969 -1.346080597 -4.126953738 0 0 0.04995875932 5.993981082 0.6067457432 1.02051039 0.004829521571 0
0.01508575726 330.772564 4.560764376e-05 0.3223762223 32.57621595 48.55196316 -47.61619919 0.9357639633 0.01002565147 0.05609110587 45.98361023 0.999060085 0.1309333428 0.007010676645 0.01067821606 397.4124661 34.39031227 -2.587533917 50.78480412 45.24897141 54.5913623 0 0.5165621058 0.04685426102 345 20 0.8686606394 0 20 0 0 7603.042391 6900 0.9075314388 0.0006277301222 -0.2165668921 1.439842584 8.886375297 5.664809317 2.100088295 0 0 -0.1959090256 4.645498892 0.3605246119 -2.444325243 0.002419004802 0
0.009373114824 330.7660536 2.833759608e-05 0.626272177 28.52525491 43.35939643 -40.61644966 2.742946772 0.0235746775 0.05322233123 40.25053133 0.9989160536 0.1451450279 0.0155593518 0.008729289801 404.0438604 22.39201095 4.043860445 45.54840585 40.83979882 50.12416438 0 0.5228981875 0.04557117631 345 20 0.8541473958 0 20 0 0 6655.495423 6900 1.036737247 0.0003275686826 -0.1130111955 6.631394362 -5.236398269 -4.050961036 0.3038959547 0 0 0.1292058079 1.393801757 0.1358523105 -0.0861896619 0.002946834118 0
-0.0215739353 330.6991251 -6.52373522e-05 -0.652647576 29.01642484 41.52002965 -44.27751828 -2.757488629 0.01915542585 0.05882168105 40.93433968 0.9989229131 0.1428018076 -0.01594376704 0.006616545783 397.9647827 24.90446881 -2.035217331 45.48100413 40.78068419 50.00681349 0 0.5156372431 0.04588195302 345 20 0.8672347036 0 20 0 0 6766.811295 6900 1.019682639 0.0003735372587 -0.1288703543 -6.079077775 -0.0674017272 0.4911699267 -1.278919753 0 0 -0.01705460745 1.638481277 0.1519378042 1.185536411 0.001185218469 0
0.06459400529 330.5737281 0.0001953996939 0.2024427188 30.58523637 45.48473327 -44.73462712 0.7501061499 0.004826835023 0.05621462727 43.17517346 0.9989740833 0.1386566942 0.004688868684 0.00866910757 399.6128716 26.06015599 -0.3871284316 48.13771458 44.31895715 51.72084305 0 0.5194744531 0.04716575369 345 20 0.8637087233 0 20 0 0 7134.830355 6900 0.9670867641 0.0004322409229 -0.1491231184 1.648088899 2.656710456 1.56881153 0.8550902947 0 0 -0.05259587516 1.625707265 0.1405658974 -2.354468345 -0.002370969338 0
-0.02486018899 330.6573378 -7.518414426e-05 0.1485206672 29.08617558 43.17970908 -42.58823219 0.591476896 0.006082191986 0.05524081003 41.06004559 0.9988864628 0.1449169083 0.003617157874 0.008160369635 401.2437347 22.26220725 1.243734675 46.11653307 42.84093187 49.57811695 0 0.5204251129 0.04649855337 345 20 0.8601324767 0 20 0 0 6786.84583 6900 1.016672571 0.0003558471265 -0.1227672587 1.630863106 -2.021181509 -1.49906079 -0.05392205155 0 0 0.04958580702 0.6725735128 0.06297394376 0.2960485723 0.001510879953 0
0.0003692352202 330.5410244 1.117063217e-06 -0.2285084092 29.53039042 43.17041691 -43.95874135 -0.7883244414 0.00632393931 0.05683959949 41.68269689 0.9989167122 0.1431221167 -0.005482092722 0.008187530746 399.1452656 22.56363162 -0.8547344253 46.51402464 42.77542822 50.18285235 0 0.518248376 0.04658610662 345 20 0.8646760804 0 20 0 0 6887.215723 6900 1.001856233 0.0003807644886 -0.1313637486 -2.0984691 0.3974915646 0.4442148457 -0.3770290764 0 0 -0.01481633817 0.4049100684 0.03680888129 1.410482441 0.001229724593 0
0.02880260526 330.5162866 8.714428433e-05 0.1253739128 29.91410456 44.29846688 -43.88001576 0.4184511203 0.002741335341 0.05619287356 42.22809085 0.998908347 0.1416882751 0.002968969477 0.008165891822 400.0780344 23.30638965 0.07803436338 47.2061795 43.83653699 50.60297089 0 0.5194855324 0.04668529962 345 20 0.8626703727 0 20 0 0 6977.069906 6900 0.9889538293 0.000392657989 -0.1354670062 0.9327687887 0.6921548616 0.3837141391 0.353882322 0 0 -0.01290240367 0.5853708398 0.05242657116 -2.240471588 -0.0008070094421 0
-0.03300621656 330.5527747 -9.985157918e-05 0.02592729411 29.38273 43.30676244 -43.35925493 -0.05249249366 0.001277994815 0.05618327426 41.47838408 0.9988978229 0.144009626 0.0006250796575 0.008400241936 400.3348042 22.17340282 0.3348041667 46.45660416 43.38141698 49.63655175 0 0.5194719668 0.04642690588 345 20 0.8620971129 0 20 0 0 6853.724283 6900 1.006751908 0.0003695039677 -0.1274788689 0.2567698033 -0.7495753429 -0.5313745645 -0.0994466187 0 0 0.01779807896 0.313109434 0.02879673418 0.5395405161 0.0002035729538 0
-0.01222509486 330.4798843 -3.699194849e-05 -0.06100588055 29.6339328 43.51340649 -43.70130417 -0.1878976798 0.001696776479 0.05670246996 41.83158357 0.998922227 0.142799791 -0.001458368901 0.007941971078 399.6787505 22.30946164 -0.3212495033 46.74367213 43.45023743 50.0636119 0 0.5189178439 0.04657129167 345 20 0.8635235138 0 20 0 0 6910.81784 6900 0.9984346513 0.000382605803 -0.131999002 -0.65605367 0.2870679763 0.2512028032 -0.08693317466 0 0 -0.008317256947 0.07324624055 0.00663819218 2.19776456 0.0001510469593 0
-0.08081816496 330.6189888 -0.0002444450189 0.04296148781 29.66554852 43.95267762 -43.53036102 0.422316599 0.002080804707 0.05599645328 41.87836311 0.9989298909 0.1429638899 0.001025863587 0.008005530158 400.103661 22.32459735 0.1036610458 46.86267974 43.76673498 50.12382157 0 0.5187204849 0.04621739063 345 20 0.8626056897 0 20 0 0 6921.338302 6900 0.9969170266 0.0003817232019 -0.1316945047 0.4249105491 0.1190076089 0.03161571631 0.1039673684 0 0 -0.001517624665 0.1730039277 0.0156799247 -2.07133823 -0.00011893638 0
-0.08423981041 330.5477689 -0.0002548491272 -0.01739198979 29.53251253 43.48968711 -43.54624378 -0.05655667475 0.0008402468017 0.05656432992 41.68860187 0.9988954656 0.1434947765 -0.0004171881284 0.007318992442 400.0476796 22.09168712 0.0476796315 46.65030279 43.61170942 49.80543123 0 0.5196212942 0.04681741597 345 20 0.8627215878 0 20 0 0 6888.474877 6900 1.001673102 0.0003761430983 -0.1297693689 -0.05598141428 -0.2123769523 -0.1330359828 -0.06035347759 0 0 0.00475607562 0.1200379826 0.01095156606 0.7542758476 -0.009266442918 0
-0.03816687911 330.5325595 -0.0001154708606 -0.02471450824 29.62379342 43.67927871 -43.67874797 0.0005307456894 0.0004452043005 0.0565939288 41.81761865 0.9989195303 0.1432883676 -0.0005910070692 0.007725227656 399.9081969 22.18065337 -0.09180313385 46.78256737 43.68338418 49.97411267 0 0.5193604397 0.04689769857 345 20 0.8630272611 0 20 0 0 6909.657035 6900 0.9986023857 0.0003816690343 -0.1316758168 -0.1394827653 0.1322645797 0.0912808868 -0.00732251845 0 0 -0.003070716503 0.03300162066 0.002994396077 -3.046637439 -0.01018249369 0
-0.1093652471 330.6437869 -0.0003307645612 0.01162762576 29.60382041 43.6564074 -43.79163889 -0.1352314896 0.0001808978063 0.05665064321 41.78962823 0.9989300275 0.1438153977 0.0002782419049 0.008275401425 400.0367828 22.09620094 0.03678276647 46.78622574 43.76280244 49.95840627 0 0.5196426142 0.04711359597 345 20 0.8627475179 0 20 0 0 6907.044612 6900 0.998980083 0.0003789606074 -0.1307414096 0.1285859003 0.003658375246 -0.01997300632 0.036342134 0 0 0.0003776972621 0.01742973836 0.001583805083 -1.965411465 -0.009536441145 0
-0.07972248216 330.5806391 -0.0002411589571 -0.01512008411 29.5836461 43.65845463 -43.59445984 0.06399479141 0.000117556699 0.05650474925 41.76085312 0.9989278728 0.1436462402 -0.000362063583 0.007529941209 400.0070491 22.08802154 0.007049095339 46.74848817 43.72100696 49.90167092 0 0.5199506709 0.0473458995 345 20 0.8628112237 0 20 0 0 6901.357413 6900 0.9998033122 0.0003784681574 -0.1305715143 -0.02973367113 -0.03773757276 -0.02017431572 -0.02674770988 0 0 0.0008232292143 0.01914866463 0.001741117941 1.388264961 -0.009431688665 0
-0.1579373081 330.7630784 -0.0004774937664 -0.01092231873 29.57470578 43.62667002 -43.60841726 0.0182527569 0.0002710047674 0.05688395436 41.74809895 0.998940979 0.1441057568 -0.0002616243375 0.006674099337 400.0020316 22.0699008 0.002031622496 46.74777925 43.72675751 49.9044914 0 0.5191509347 0.04703992236 345 20 0.8628223356 0 20 0 0 6902.825339 6900 0.9995906982 0.0003788033793 -0.1306871659 -0.005017472843 -0.0007089174798 -0.0089403155 0.004197765383 0 0 -0.0002126140112 0.02584255785 0.002349643111 1.535660084 0.0003702253264 0
-0.1522096569 330.7135861 -0.0004602461565 -0.01681413736 29.59092974 43.65680696 -43.73951453 -0.08270756386 0.001071120882 0.05695033539 41.77053102 0.9989427125 0.1434493674 -0.0004025358777 0.008064035019 400.0045349 22.09510394 0.004534865705 46.75767566 43.7298504 49.91789224 0 0.5196806659 0.04715284448 345 20 0.8628167391 0 20 0 0 6905.420854 6900 0.9992149858 0.0003785750354 -0.1306083872 0.002503243209 0.009896403434 0.01622395323 -0.005891818636 0 0 -0.0003757124047 0.01575445242 0.001431495558 -2.448311844 0.00180914743 0
-0.1084128053 330.7706224 -0.0003277582651 -0.02279130057 29.571817 43.57307368 -43.66133053 -0.08825684173 0.0005240807284 0.05655641001 41.74417974 0.998929356 0.144473483 -0.000545975528 0.007590392006 399.9923612 22.06369962 -0.007638788705 46.76148698 43.73182398 49.92143333 0 0.5193534977 0.04724043641 345 20 0.8628441354 0 20 0 0 6902.419575 6900 0.9996494599 0.000379892922 -0.1310630581 -0.01217365441 0.003811317926 -0.01911273617 -0.005977163209 0 0 0.0004344741208 0.02580416702 0.00234511425 1.996897319 0.0007506510561 0
-0.1899945243 330.8600703 -0.0005742443449 -0.01386034798 29.57106419 43.48871233 -43.70057978 -0.211867449 0.0005545823158 0.05629963352 41.7436854 0.9989392581 0.1444411888 -0.0003320346023 0.008616450298 400.0054 22.05300978 0.005399992801 46.76651607 43.7384987 49.92005258 0 0.5196017575 0.04735592311 345 20 0.8628143216 0 20 0 0 6903.900096 6900 0.999435088 0.0003779357151 -0.1303878217 0.01303878151 0.005029098829 -0.0007528075153 0.008930952591 0 0 -0.0002143719457 0.01163664927 0.001058387048 2.078145779 0.001828732205 0
0.03385583581 331.9306041 0.0001019967288 0.002763224973 14.82808326 22.68967151 -22.85272297 -0.1630514598 0.0001235425167 0.1442719583 20.64433435 0 0 0.000133849071 0.03122949328 400.0173212 12.09394054 0.01732116026 0 0 0 0 0 0 0 0 0 0 0 0 0 3423.363315 0 0 0 0 0 0 0 0 0 0 0 0.01289795716 0.002146343606 0.009183316648 0.001535874602 0
-0.02867475157 332.0012164 -8.636941719e-05 -0.005919648158 14.84042662 22.76497931 -22.78571848 -0.02073917245 0.0007667663288 0.1440265366 20.66122136 0.9871947705 0.3301476833 -0.0002865100787 0.0323434144 399.9849668 12.08838188 -0.01503319179 26.41953821 24.76169083 28.15913959 0 0.3731280727 -0.09815537894 350 10 0.8751326409 1 10 0 0 3426.614054 3500 1.021416461 0.0001140008948 -0.03990031319 -0.03235435205 0 0.01234335731 -0.008682873131 0 0 0 0.006063966617 0.001008188241 0.1092728922 0.0008276906082 0
2.630370282 328.3226457 0.008011540831 1.19984377 19.11502074 22.81788232 -38.81623891 -15.99835659 0.3367548645 0.39844039 22.64866595 0.7918053982 0.3671045108 0.05297635512 -0.2198743187 403.6969671 44.57066862 3.696967059 25.08553495 11.71730608 29.38806929 0 0.3265597871 -0.1565854639 350 10 0.8676221439 1 10 0 0 3625.380398 3500 0.9654159331 0.000732651551 -0.2564280429 3.712000251 -1.334003266 4.274594121 1.205763419 0 0 -0.05600052789 7.177547777 0.6055636228 2.656261654 0.04692142375 0
6.255411431 331.4658806 0.01887196178 6.003074299 14.29922664 16.38397954 -19.60948245 -3.225502903 0.4731430688 0.07643129786 15.16567796 0.5865125133 0.9107343138 0.3958329007 -0.439270574 412.069152 44.93138987 12.06915203 2.405332627 -2.183341298 11.42236098 0.185 0.2454169544 -0.2404133807 350 10 0.8502457231 1 10 0 0 2306.155073 3500 1.517677645 0.001028668963 -0.360034137 8.372184975 -22.68020232 -4.815794101 4.803230529 0 0 0.5522617118 17.63378254 3.23491872 1.060752456 -0.1614586469 0
5.966890145 332.1132851 0.01796643017 0.9044423536 17.15289567 21.13629074 -37.10552009 -15.96922935 0.2303126907 0.2640333929 22.03433543 0.7801468144 0.8120982699 0.04104695404 0.02486417893 396.5353173 37.62565972 -3.464682719 3.217165379 -3.679579445 11.40617042 0.365 0.3814772437 -0.08507705534 350 10 0.8833925801 1 10 0 0 3660.393727 3500 0.9561812911 0.0008467343905 -0.2963570367 -15.53383475 0.8118327525 2.85366903 -5.098631946 0 0 -0.5614963539 15.62910478 3.518181233 1.74053922 -0.2724887007 0
6.023996301 331.6846237 0.0181618196 2.152035689 16.87391567 20.16117864 -25.21720916 -5.056030511 0.2837780283 0.1843461952 21.37503877 0.8931136075 0.7506756734 0.1006798496 -0.120087458 398.5048321 37.96113693 -1.495167905 6.074258058 0.4213183099 13.89995867 0 0.3283648238 -0.1415991182 350 10 0.8790639997 1 10 0 0 3524.737299 3500 0.9929818036 0.0008892902367 -0.3112515829 1.969514814 2.857092679 -0.278979994 1.247593336 0 0 0.03680051256 15.98160364 3.269021801 1.610597714 -0.1940745305 0
6.062266444 331.5108739 0.01828678008 2.386451744 17.23022173 20.29494188 -27.63637436 -7.341432482 0.308469444 0.1514818351 21.64681281 0.9006272708 0.6866468045 0.1102449476 -0.1490978517 399.0712368 39.05094472 -0.9287632248 7.829234327 2.547806372 15.74941135 0 0.2995535165 -0.1713406671 350 10 0.8778236041 1 10 0 0 3554.984879 3500 0.9845330204 0.0008975752896 -0.3141513513 0.5664046804 1.754976268 0.3563060576 0.2344160548 0 0 -0.008448783207 15.94994307 3.000872168 1.589757285 -0.189168194 0
6.093704502 331.5112449 0.01838159217 2.546404967 17.18365767 19.94510754 -25.70572441 -5.760616876 0.3176071907 0.1473384254 21.46952312 0.8967710795 0.6706188198 0.1186055672 -0.1636057066 399.9678078 38.81955819 -0.03219223868 8.248177174 3.463314043 15.89248609 0 0.2895029837 -0.1822129645 350 10 0.8758544254 1 10 0 0 3520.052988 3500 0.9943032142 0.0008959269626 -0.3135744369 0.8965709862 0.4189428471 -0.04656406173 0.1599532226 0 0 0.009770193772 15.94892095 2.983011125 1.564686001 -0.1936687623 0
6.091438222 331.3740468 0.01838236362 2.626817116 17.05395628 19.8815101 -25.45423432 -5.572724217 0.3186389248 0.1487264956 21.26875726 0.8955713979 0.6814464328 0.1235059051 -0.1640467994 400.2388678 38.91490151 0.2388678328 7.940973878 3.283022231 15.44927866 0 0.290321416 -0.1818772718 350 10 0.8752579359 1 10 0 0 3487.943201 3500 1.003456707 0.0008921295104 -0.3122453286 0.2710600714 -0.3072032954 -0.1297013851 0.08041214892 0 0 0.009153493247 15.96571951 3.044040725 1.555762483 -0.1911542989 0
5.983443023 331.4839506 0.01805047578 2.602029228 17.02724361 19.94499785 -28.39225535 -8.447257496 0.3158464442 0.1500087177 21.2527811 0.8968554286 0.6910941794 0.1224324109 -0.1580387039 400.0842341 38.91683152 0.08423407793 7.715300933 2.973064486 15.24069617 0 0.2917860162 -0.1799273461 350 10 0.8755927988 1 10 0 0 3488.318056 3500 1.003348876 0.0008882122086 -0.310874273 -0.1546337548 -0.2256729451 -0.02671267494 -0.0247878875 0 0 -0.000107831571 15.95612137 3.073427161 1.558380288 -0.1832334535 0
6.063202528 331.374146 0.01829715022 2.587843396 17.06550953 19.94861528 -28.46685905 -8.518243771 0.3153801508 0.149165822 21.31989144 0.89786019 0.6887956586 0.1213816404 -0.1558805097 399.9359487 38.77202756 -0.0640513363 7.773353322 2.961431476 15.34403914 0 0.2917048476 -0.1800044294 350 10 0.8759186481 1 10 0 0 3501.302266 3500 0.9996280623 0.000889587128 -0.3113554948 -0.1482854142 0.05805238888 0.03826592013 -0.01418583273 0 0 -0.003720813517 15.93332827 3.052004169 1.565719723 -0.1844926123 0
6.008105851 331.2902237 0.01813547585 2.604813299 17.07590147 19.98300345 -25.35205137 -5.369047917 0.3179941063 0.1473059593 21.31932999 0.8975077618 0.6858799069 0.1221808237 -0.1572580508 399.9514685 38.8145044 -0.04853148884 7.83457302 3.028908044 15.43113917 0 0.2948519069 -0.177324005 350 10 0.8758848133 1 10 0 0 3498.480315 3500 1.000434384 0.0008897638167 -0.3114173359 0.01551984746 0.06121969782 0.01039194666 0.01696990329 0 0 0.0008063220577 15.95152585 3.045733725 1.563114065 -0.1819115251 0
4.11590473 334.5259272 0.01230369426 1.452903748 18.39652574 19.98627643 -38.23916456 -18.25288813 0.3377696977 0.09777644843 23.31703431 0.9197548946 0.6409697355 0.06231082942 -0.1695763336 397.0003072 38.82819198 -2.999692786 9.099442311 3.0830972 16.61507199 0 0.2888103353 -0.1729366008 350 10 0.8823256469 1 10 0 0 3854.749743 3500 0.9079707461 0.0008101510541 -0.2835528689 -2.951161297 1.264869291 1.320624263 -1.151909551 0 0 -0.0924636383 15.27034839 3.544129708 1.215971769 -0.1688243329 0
-0.02661451358 331.3167972 -8.032950279e-05 0.9230083282 15.52585902 22.79757502 -19.67125831 3.126316711 0.07159481999 0.09029635794 21.58534914 0.9813465208 0.2469456274 0.04276087091 0.02862382554 397.7077987 13.35701513 -2.292201286 17.93209993 15.0403702 19.74980136 0 0.5121150758 0.04226191589 350 10 0.8801377228 1 10 0 0 3574.418422 3500 0.9791802713 0.0001075322496 -0.03763628735 0.7074915004 8.832657618 -2.870666719 -0.5298954194 0 0 0.07120952522 1.962270611 0.3669786129 -1.650460139 0.01022697381 0
-0.0104835681 331.1406418 -3.165895929e-05 -0.7501064831 14.5933829 20.18174461 -23.42827418 -3.246529572 0.04449057328 0.09088512009 20.46467397 0.9958977047 0.2081630751 -0.03665372261 0.02547493696 395.3323535 13.66170742 -4.667646457 23.35695147 17.99815755 27.54929054 0 0.4564162016 -0.009913312235 350 10 0.8854275053 1 10 0 0 3386.661851 3500 1.033466036 0.0001089701871 -0.03813956548 -2.375445171 5.424851538 -0.9324761145 -1.673114811 0 0 0.05428576504 1.371483963 0.2402862392 1.390215138 0.04972455981 0
0.03359055601 331.0829991 0.0001014566018 0.2845291712 16.29013827 25.27385086 -24.48766743 0.7861834336 0.01086989685 0.1264258093 22.75739263 0.9906555172 0.2905905666 0.01250271399 0.0340838061 398.9239865 17.86531846 -1.076013499 28.30707454 25.65237195 30.44662352 0 0.3942273221 -0.07732384795 350 10 0.8775182675 1 10 0 0 3764.259671 3500 0.9297977042 0.0001802443181 -0.06308551132 3.591632958 4.950123072 1.696755364 1.034635654 0 0 -0.1036683321 2.346595154 0.3392346819 -2.36212255 -0.000605376974 0
-0.07321453062 331.1063812 -0.0002211208686 0.2041914513 14.36503755 22.48298126 -21.69266304 0.7903182195 0.01678954946 0.1453079035 19.9849218 0.9861751124 0.3438243617 0.01021727547 0.03222877305 401.6259545 12.3149852 1.625954474 25.96287587 23.72907755 28.2094008 0 0.3730853198 -0.1018162626 350 10 0.8715445437 1 10 0 0 3305.739517 3500 1.058764607 9.97407039e-05 -0.03490924637 2.701967972 -2.344198671 -1.92510072 -0.08033771998 0 0 0.1289669025 0.6885536456 0.121433378 0.1505136235 -0.003453836117 0
0.02981079967 330.9133392 9.008642485e-05 -0.2388080814 14.71996437 22.11985868 -22.99256222 -0.8727035425 0.01386860292 0.1461674892 20.47916468 0.9871084721 0.3289382688 -0.01166102647 0.02871970389 399.1842321 12.73699722 -0.8157679059 26.05071242 23.72448641 28.29176854 0 0.3720541575 -0.1001011404 350 10 0.87688561 1 10 0 0 3385.531643 3500 1.033811043 0.0001111682124 -0.03890887435 -2.441722379 0.08783655278 0.3549268263 -0.4429995327 0 0 -0.02495356333 0.5374690591 0.09055156188 1.271947169 -0.001420047163 0
0.05965255929 330.9109458 0.0001802677127 0.08684905163 15.20377487 23.42690632 -23.19609426 0.2308120624 0.003405073003 0.1412581077 21.17991618 0.9877615745 0.3243100382 0.004100538023 0.03184859481 399.8836059 13.40489398 -0.1163941206 26.99126017 25.05822162 28.88353607 0 0.3773192789 -0.09580380759 350 10 0.8753633825 1 10 0 0 3501.773379 3500 0.9994935768 0.000124188121 -0.04346584236 0.6993737853 0.9405477527 0.4838104929 0.3256571331 0 0 -0.03431746658 0.5579967287 0.08985817739 -2.313708849 -0.0001218255936 0
-0.0651273929 330.9496965 -0.0001967894021 0.04135914349 14.73346793 22.65506644 -22.52268462 0.1323818224 0.003921293241 0.1445631853 20.50727885 0.9868332168 0.3340428298 0.002016803097 0.03095482179 400.3959703 12.14658094 0.3959702794 26.32962707 24.58238282 28.16501273 0 0.3731820873 -0.1005064627 350 10 0.8742293263 1 10 0 0 3390.513472 3500 1.03229202 0.0001082838153 -0.03789933536 0.5123643999 -0.6616331026 -0.47030694 -0.04548990813 0 0 0.03279844289 0.2051830042 0.0346948484 0.3040745987 0.002623464797 0
0.07754684839 330.7468185 0.0002344598467 -0.06143788298 14.85781439 22.67110594 -22.94871072 -0.2776047806 0.004039165459 0.1447858027 20.6819811 0.9871552931 0.3299314435 -0.002970599512 0.02986893671 399.7629925 12.194117 -0.237007534 26.41330686 24.5696625 28.28708395 0 0.3742105875 -0.09890542263 350 10 0.8756175782 1 10 0 0 3417.474115 3500 1.024148211 0.0001128665691 -0.03950329918 -0.6329778134 0.08367978433 0.124346458 -0.1027970265 0 0 -0.008143808905 0.1229776053 0.02048774184 1.338247041 -0.001730772206 0
-0.04103549539 330.8974737 -0.0001240127189 0.02913165129 14.96810743 22.97880627 -22.99140501 -0.01259873981 0.001170999916 0.143384851 20.8401931 0.9872373613 0.3293959701 0.001397858991 0.03118108999 399.9883231 12.41196501 -0.01167688883 26.64082362 24.91870834 28.42567116 0 0.3753123188 -0.09779522143 350 10 0.8751263667 1 10 0 0 3445.500707 3500 1.015817525 0.0001152227 -0.04032794502 0.2253306452 0.2275167598 0.1102930475 0.09056953426 0 0 -0.008330685887 0.1476109804 0.02436164667 -2.240607226 0.001855036964 0
0.006574133872 330.7187491 1.987832226e-05 0.007716272203 14.85068615 22.78350874 -22.71971279 0.06379594316 0.001009988856 0.1440898911 20.67294927 0.9870669772 0.3313507935 0.0003732545416 0.03053239838 400.0913656 12.10252372 0.09136559242 26.46715761 24.80535726 28.21954251 0 0.3737237069 -0.09997645513 350 10 0.8748978327 1 10 0 0 3415.454578 3500 1.024753783 0.0001116247336 -0.03906865674 0.1030424812 -0.1736660088 -0.1174212815 -0.02141537909 0 0 0.008936258385 0.05805637877 0.009696774652 0.3748859751 0.0005313664402 0
0.06049015084 330.6699769 0.0001829320927 -0.01303784388 14.88559417 22.81931664 -22.91232722 -0.09301058223 0.00151691553 0.144496413 20.7212148 0.9870960586 0.3305984244 -0.0006292026801 0.03041982141 399.9363455 12.10854775 -0.06365453235 26.49710893 24.79727357 28.26607435 0 0.3742887598 -0.09911790404 350 10 0.8752379086 1 10 0 0 3423.413216 3500 1.022371469 0.0001127159689 -0.03945058911 -0.1550201248 0.02995132822 0.03490801837 -0.02075411609 0 0 -0.002382313958 0.03045460395 0.005066931334 1.164719022 -0.0008530327393 0
-0.0819597715 330.8392229 -0.0002477329344 0.3780248153 14.55733681 22.85329885 -22.85684569 -0.003546847323 0.03333722153 0.1660161105 20.17731766 0.9862875683 0.3385601711 0.01873513723 0.05130503826 399.8986139 12.14519134 -0.1013860542 26.10467034 19.83310948 28.30452155 0 0.3744895398 -0.09860171268 350 10 0.8753142706 1 10 0 0 3332.004973 3500 1.0504186 0.0001056102713 -0.03696359496 -0.03773152181 -0.3924385939 -0.3282573607 0.3910626592 0 0 0.02804713114 0.211746763 0.0363113006 -0.9099042029 0.003163552249 0
0.01466461142 330.5969774 4.435797185e-05 -1.023415544 10.59000019 14.4201433 -18.13459262 -3.714449322 0.0728017735 0.1823771755 14.50109543 0.9787884831 0.4007326402 -0.07057505063 0.0158755682 388.2294581 26.22809482 -11.77054188 19.35140207 16.7877143 21.83261237 0 0.3238519892 -0.1323946351 350 10 0.9018019727 1 10 0 0 2396.586473 3500 1.460410479 0.0003031176785 -0.1060911875 -11.66915583 -6.753268274 -3.967336615 -1.401440359 0 0 0.4099918788 7.639784002 1.612119045 0.8021803301 0.003984327757 0
-0.06396590099 330.8207053 -0.000193355192 -0.5505011195 16.99824121 24.6592544 -27.266433 -2.607178595 0.04305639327 0.1316863581 23.69551099 0.9914977407 0.2687591937 -0.02323229576 0.03091956282 380.6967821 21.81947257 -19.30321789 28.46453032 21.76037097 32.68555573 0 0.3723516418 -0.07479046784 350 10 0.9195989888 1 10 0 0 3916.697286 3500 0.8936100354 0.0002525025078 -0.08837587773 -7.53267601 9.113128248 6.408241014 0.4729144246 0 0 -0.5668004439 2.901376429 0.377588912 -2.816708484 -0.009838882808 0
-0.110748222 330.7742805 -0.0003348150946 0.7927158217 15.24424335 24.93633139 -21.59123305 3.345098339 0.04773198137 0.1340681964 21.20303624 0.9878611562 0.3254262366 0.03738690123 0.03610199668 389.394248 14.86348452 -10.60575201 27.4420156 23.13798255 31.0462613 0 0.3690277498 -0.09005320763 350 10 0.8989578144 1 10 0 0 3503.243304 3500 0.9990741996 0.000140006009 -0.04900210317 8.697465881 -1.022514712 -1.753997859 1.343216941 0 0 0.1054641642 1.557096249 0.2477802866 -1.671086068 0.004541029851 0
-0.0003443441092 330.6486986 -1.041419823e-06 -0.3629366352 13.93066705 20.74752118 -22.11098258 -1.363461396 0.01940404279 0.1513443896 19.35409567 0.9860496423 0.3383547839 -0.01875244606 0.0278208355 386.2286392 15.67626757 -13.77136077 24.78018627 22.91521877 26.98197011 0 0.3514902667 -0.1030276308 350 10 0.9063076449 1 10 0 0 3197.39718 3500 1.09464036 0.0001199097534 -0.0419684137 -3.165608754 -2.66182933 -1.313576297 -1.155652457 0 0 0.09556616018 1.878531056 0.3311791528 0.8972969671 -0.001111660705 0
-0.1210844588 330.8590128 -0.0003659699574 -0.04864361952 15.52609789 23.60611391 -23.94873216 -0.3426182461 0.007590170235 0.1379251843 21.64448612 0.98882817 0.3082790022 -0.002247390825 0.03268818626 385.155612 15.15075835 -14.84438804 27.14870101 24.40496279 29.37863015 0 0.3646164508 -0.08841635128 350 10 0.9088630834 1 10 0 0 3577.680157 3500 0.9782875624 0.0001534773745 -0.05371708106 -1.07302727 2.368514736 1.595430836 0.3142930157 0 0 -0.1163527973 0.9087294159 0.1374994123 -2.613244447 -0.0004739912773 0
-0.08348617474 330.7457547 -0.0002524179783 0.1758922601 14.8759902 23.19475484 -22.42395973 0.7707951063 0.01131855976 0.1410415155 20.71954952 0.9874598392 0.326191712 0.008489193258 0.03214900392 387.1743879 12.79436396 -12.82561212 26.51091826 24.25010203 28.7144934 0 0.3610332237 -0.09498881059 350 10 0.9041003179 1 10 0 0 3423.454561 3500 1.022359122 0.0001271062424 -0.04448718483 2.018775919 -0.6377827503 -0.6501076849 0.2245358796 0 0 0.04407155982 0.2684856048 0.04359259055 -1.206389134 0.0006795687526 0
-0.1727299011 330.9783349 -0.0005218767603 -0.1110437155 14.69922946 22.29647664 -22.84017042 -0.5436937777 0.005566731976 0.1439925691 20.46294371 0.9872898744 0.3260173762 -0.005426575819 0.03011646988 386.1632489 12.88890863 -13.83675106 26.03620076 24.21842752 27.98753146 0 0.3582340861 -0.09575739229 350 10 0.9064654519 1 10 0 0 3384.200623 3500 1.034217646 0.0001246969762 -0.04364394166 -1.011138947 -0.4747174958 -0.1767607423 -0.2869359756 0 0 0.01185852331 0.4312993985 0.07084532701 0.9917283458 0.0001818032326 0
-0.1348985287 330.8721579 -0.0004077058933 -0.0004950105114 15.08359861 23.08586838 -23.05994709 0.02592128181 0.001683374409 0.1405004726 21.0158009 0.9880325328 0.3184598496 -2.355420637e-05 0.03169989211 386.0899191 13.18900262 -13.91008094 26.62817489 24.72285078 28.4887439 0 0.3615014685 -0.09288369865 350 10 0.9066466379 1 10 0 0 3473.629878 3500 1.007591517 0.0001346486983 -0.04712704442 -0.07332987582 0.5919741244 0.3843691469 0.110548705 0 0 -0.02662612815 0.2656099416 0.04206249218 -2.527910973 -0.0005037830495 0
-0.08604766068 330.9375075 -0.0002600118111 0.03359655418 14.86727739 22.87986997 -22.80116347 0.0787064995 0.002297591006 0.1421070639 20.70727972 0.987571913 0.3242968677 0.001622451361 0.03181972481 386.5478241 12.4795822 -13.45217594 26.38395725 24.58343391 28.26508688 0 0.3605184715 -0.09416727196 350 10 0.9055667973 1 10 0 0 3423.951672 3500 1.02221069 0.0001282143815 -0.04487503354 0.4579049972 -0.2442176387 -0.2163212205 0.03409156469 0 0 0.01461917219 0.06290518764 0.01018423185 -0.3757958659 -0.000611441912 0
-0.2026336949 331.0683059 -0.0006120600833 -0.03215257083 14.87244591 22.75605605 -22.8523767 -0.09632064481 0.001089510143 0.1419261971 20.71436153 0.9876841808 0.3225017129 -0.001552187394 0.03200838941 386.2470491 12.47947494 -13.75295092 26.32245744 24.56159924 28.16765322 0 0.3592749076 -0.09490861287 350 10 0.9062716891 1 10 0 0 3425.957682 3500 1.021612152 0.0001279016662 -0.04476558317 -0.3007749765 -0.06149981316 0.005168524574 -0.06574912501 0 0 -0.0005985375262 0.08632637521 0.01395146349 1.199406247 0.001338702165 0
