-57.08398 -24.9552 -175.0752 -11.28668 -24.01471
-8.019348 -9.194702 -9.334534 -10.88776 -10.52454
-8.918884 -10.77332 -10.85254 -9.181213 -11.68536
-9.891479 -11.23462 -12.33551 -8.630554 -12.6275
-9.518555 -11.45593 -12.37524 -8.187866 -12.82629
-17.2757 -13.51202 -10.38586 -14.94946 -7.588013
-31.11768 -31.01337 -45.96472 27.25006 -39.63348
-21.27277 -22.67285 -11.33521 -16.24792 -20.33673
-19.20673 -16.07654 -12.92773 -14.36243 -9.445862
-7.451782 -8.086731 -9.163574 -13.30151 -8.172729
-22.1709 48.68188 -8.262817 -2.595276 -47.70758
-29.91272 46.54193 -18.50616 -17.59229 -36.28168
-21.21576 -12.51666 -23.54761 -14.4046 -14.06665
-21.80243 -12.49329 -24.16992 -14.72687 -13.29254
-7.691101 -8.03186 -7.731506 -12.67157 -8.770264
36.68848 -34.22058 -49.94019 -11.25159 15.55682
30.70245 -32.32349 -38.06329 -7.121521 11.94269
-25.65717 -14.51886 -14.17004 -9.158936 -14.7561
-23.75977 -15.08154 -19.91699 -12.49426 -12.79175
-16.02869 -41.40204 -54.09546 -41.69873 -24.98682
-18.35272 -7.614929 -40.76276 -31.42224 -15.25629
-19.49597 -9.959167 -40.23016 -30.82147 -17.36847
-20.08325 -9.895691 -41.57605 -31.61273 -18.8338
-6.891113 -7.723328 -9.227112 -13.26935 -8.228699
-6.329712 -3.853088 9.447693 -10.55627 -11.32159
-8.347229 -9.962646 -9.438721 -9.963013 -9.84021
-9.79303 -10.39081 -11.10663 -9.385925 -10.90558
-9.379761 -10.54761 -10.26013 -10.15778 -10.67969
-23.16724 -15.16064 -9.224182 -15.31647 -20.04431
57.72998 -31.3606 -9.240845 -24.60986 -15.94501
43.30853 -24.9682 -7.817444 -11.763 -29.22217
-13.31622 -14.3504 -8.098145 -16.5968 -15.71301
-23.10095 -15.96075 -9.231873 -14.72754 -20.7337
-7.691101 -8.03186 -7.731506 -12.67157 -8.770264
-18.61542 -1.137878 -7.494568 12.0827 -28.68066
-12.24493 -10.89386 -18.41364 -11.23505 -9.396545
-14.01227 -11.13422 -19.56519 -11.09546 -9.987
-22.96552 -14.46246 -9.967346 -15.78601 -19.59125
-40.22644 -5.425476 -18.04974 9.529114 -16.09729
-21.47064 -17.70709 -9.332825 -9.916321 -6.650391
-20.87891 -12.37018 -14.45959 -15.92346 -18.76837
-21.26917 -12.36377 -15.6012 -15.64038 -19.60883
-16.94592 -14.13544 -10.26898 -15.75287 -7.48645
-16.85455 -9.098267 -17.87823 15.78308 -29.82678
-11.04669 -13.29468 -7.678955 -4.396362 -13.56854
-18.95782 -15.01709 -8.932556 -13.43787 -8.740784
-6.274841 -10.9173 -6.932495 -15.31433 -7.231445
-11.078 -10.65625 15.54773 -12.88318 -28.33551
-7.064026 -20.00244 9.694153 -9.043213 -18.95776
-15.58759 -14.61035 -16.21008 -11.77692 -11.10059
-43.90045 -24.48077 -149.5947 -31.45898 -24.33044
-23.0144 -15.27301 -9.006958 -15.43121 -19.88184
-20.4223 -19.88208 -42.33765 -18.6925 -18.13544
-24.33826 -15.21075 -25.52386 -19.55554 -13.94739
-24.55164 -15.31799 -25.97754 -19.59247 -14.92261
-17.17468 -13.46869 -9.019653 -15.49817 -7.598816
-27.50256 -15.83807 -34.81793 -18.66882 -25.02393
4.524902 -17.80542 -42.6637 3.787231 -17.0199
-22.44977 -13.36432 -90.86475 77.72388 -55.211
-29.26831 -12.45306 -31.04871 -13.22797 -21.81836
-6.712769 -7.454102 -8.334412 -13.40283 -8.092102
-15.07428 60.55121 5.123962 -22.94098 -16.18921
-8.662903 -9.302979 -7.732849 -10.34857 -10.25195
-9.927429 -10.47949 -11.15021 -9.06073 -10.73407
-8.764343 -10.04932 -10.1629 -9.494934 -10.45691
-17.06207 -13.84833 -10.20795 -15.5567 -7.493774
-18.76666 -15.24127 -11.23132 -14.8454 -8.368652
-19.71198 -16.42932 -12.2262 -14.30835 -8.476562
-19.8092 -16.26599 -12.54803 -14.43323 -8.681763
52.88306 -31.76733 20.9201 -21.25067 -3.770996
40.28754 -17.03613 24.33533 -25.97693 -34.27307
-13.39374 -11.14301 -16.17542 -19.67651 -17.34546
-14.72272 -12.81091 -24.84302 -22.03363 -15.88824
-40.0683 -23.97211 -146.6437 -34.44257 -22.51154
-14.67804 -13.83112 -11.02747 -16.78113 -8.148254
-13.90967 -15.4281 -8.263855 -16.83453 -8.120117
-13.63611 -18.67291 -38.71796 -20.27295 -12.86182
-19.20123 -15.47321 -35.03198 -19.87268 -11.05634
-36.06567 -17.93146 -12.12158 20.56427 4.844543
-10.0332 -9.478577 -14.01776 7.24884 5.326172
-16.23584 -13.33167 -6.797119 -10.03204 -14.87323
-16.93854 -11.02362 -13.90839 -13.64697 -11.9082
-22.96552 -14.46246 -9.967346 -15.78601 -19.59125
-22.89917 -15.37488 -9.071594 -15.46179 -19.95087
-22.73138 -15.84497 -9.583252 -14.89093 -20.46503
-22.74475 -16.33044 -9.61322 -14.43365 -20.91962
-23.06226 -16.15192 -9.355957 -14.35406 -21.05231
-7.03656 -8.23584 -8.222961 -11.88464 -8.88855
-4.535339 -7.002441 2.65979 -10.0705 9.415955
-9.372131 -9.162109 -8.05304 -9.544922 -11.03949
-9.019165 -10.46429 -10.91229 -8.912476 -10.67261
-5.778015 -14.67938 -17.60052 7.082581 -16.47839
-22.53229 -15.11462 -8.523804 -15.3833 -19.53296
-22.78656 -16.00616 -9.95874 -14.73639 -20.69141
-22.72162 -16.34796 -10.16168 -14.31305 -20.95941
-13.94788 -12.56024 -7.798645 -16.67346 -4.658203
-28.7403 -14.95599 -10.56653 -15.39972 -29.2796
-9.253784 -13.27515 -15.09589 19.47083 -23.0625
-27.06097 -16.09167 -11.12457 -15.54285 -27.24725
-29.17279 -16.35248 -12.93512 -14.47174 -29.97046
-6.696472 -6.394226 -9.780151 -12.19495 -8.347046
-7.621582 -10.76215 -9.26355 -8.166199 -8.288879
-9.512939 -10.42426 -10.789 -9.578308 -10.41791
-9.480774 -10.33783 -11.08179 -8.957642 -10.81866
-7.221741 -7.504211 -8.005859 -12.94354 -8.523193
-31.77722 6.454773 -47.98993 67.17798 -77.34247
-9.577026 -10.45221 -9.755005 -10.1803 -10.46887
-9.553467 -10.53253 -10.98792 -9.255737 -10.8335
-57.02686 -24.83331 -174.9677 -11.85498 -23.80902
-5.438354 -7.0979 11.27209 -12.50507 -12.43085
-10.29877 -11.72925 -11.11353 -8.007874 -17.78845
-12.20349 -10.25238 -16.534 -9.590576 -15.32196
-11.79181 -10.19824 -17.26257 -9.637695 -15.09155
-17.42975 -11.31244 -6.459412 -15.86267 -9.014587
-22.30414 -13.8186 5.673218 -16.82776 -5.029602
-23.37988 -14.36865 2.49884 -14.742 -4.044373
-14.66296 -15.18787 -6.125916 -16.08032 -8.617737
-16.23608 -14.41614 -8.123962 -16.58368 -9.947937
-7.282959 -9.138184 -9.951477 -11.88739 -9.802063
-17.16498 -18.25061 -6.85083 -13.78442 -7.80011
-14.1167 23.49646 -68.98804 -23.41681 -13.03119
-24.73523 -15.9223 -20.11652 -11.20746 -14.88489
-24.22253 -15.02466 -19.60815 -11.30524 -13.78156
-6.963867 -8.16803 -7.954102 -11.94849 -8.848206
-9.10144 -9.774597 -8.782776 -10.96808 -9.78595
-9.726685 -10.18982 -10.77838 -9.365479 -10.54572
-8.928467 -10.29944 -10.69171 -8.988098 -10.69299
-6.487549 -7.86853 -8.364258 -12.54309 -8.174194
-7.813049 -9.054016 -8.193848 -10.87158 -9.186584
-9.992737 -10.31946 -10.42902 -10.31952 -10.57745
-10.2085 -10.85931 -11.32922 -9.755676 -11.12262
-57.03137 -24.82581 -175.0547 -11.90198 -23.69843
-10.64282 21.04999 -1.317993 -7.070435 -22.17212
-21.43555 47.03235 -6.532959 -1.705383 -45.71082
-9.145081 -10.48767 -10.05988 -9.656067 -10.90131
-9.002319 -10.48877 -10.85925 -9.081055 -10.71069
-17.42975 -11.31244 -6.459412 -15.86267 -9.014587
-14.23242 -15.11835 -23.78217 -22.31567 -9.541626
64.53345 -24.80316 -2.04425 -15.62042 -33.06445
-14.85321 -15.21594 -22.58508 -20.34521 -7.318848
-6.891113 -7.723328 -9.227112 -13.26935 -8.228699
-7.319214 -8.784912 -8.407288 -11.40771 -8.950012
-4.491028 -7.059814 -9.007202 -9.293945 9.582031
-4.569641 -7.791321 -4.439392 -19.79736 11.58618
-8.411316 -10.84924 -9.847168 -9.650452 -10.33826
-40.0683 -23.97211 -146.6437 -34.44257 -22.51154
-11.65674 -13.43335 -13.02924 -8.07373 9.194397
-9.378601 -14.44891 -11.29443 -9.969849 11.86066
-18.39008 -11.72095 -0.447876 -15.68079 -8.283997
-16.39111 -15.21826 -9.701721 -15.90485 -11.4057
-22.96362 -15.04523 -9.22998 -15.69568 -19.75848
-21.87299 -15.40662 -2.655457 -14.2937 -18.25171
-22.88629 -16.07587 -9.243286 -14.7149 -20.84161
-22.888 -16.38824 -9.789368 -14.3598 -21.03479
-6.932922 -8.58551 -9.201721 -12.00702 -9.463562
-8.446838 -9.250977 -9.418518 -10.45575 -10.81091
-9.699036 -10.4361 -10.64758 -8.912964 -11.70416
-10.01392 -11.35925 -12.48395 -8.33197 -12.80121
-8.899353 -11.18616 -11.86102 -8.256042 -12.55255
-5.485718 8.085327 12.54675 -11.86548 -7.38855
-10.31152 33.80664 8.472534 -16.66119 -10.4541
-9.696838 -10.32306 -11.03394 -9.383728 -10.77509
-8.822693 -10.30566 -10.47784 -9.189697 -10.62915
-6.487549 -7.86853 -8.364258 -12.54309 -8.174194
-7.813049 -9.054016 -8.193848 -10.87158 -9.186584
-9.992737 -10.31946 -10.42902 -10.31952 -10.57745
-10.2085 -10.85931 -11.32922 -9.755676 -11.12262
-6.681763 -8.50647 -9.646973 -12.49908 -9.398376
-8.104858 -9.744568 -9.962402 -10.3866 -10.51794
-14.04919 16.43958 3.750122 -5.494507 -21.22357
-9.947327 -11.31061 -12.30762 -8.132751 -12.57306
-9.25824 -10.91656 -11.58344 -8.799316 -12.4173
-5.870361 -6.779175 -3.758118 -12.87817 -7.956177
-6.291199 -8.170166 14.58539 -12.90063 -14.11255
-8.093262 -8.996826 -6.897339 -7.829712 -10.19434
-10.30194 -10.57947 -10.41278 -9.635315 -11.42377
-16.50385 -12.1496 -11.44873 -15.61737 -7.550964
-26.7688 -6.493896 -9.241272 19.20081 -26.81451
-20.96814 -16.0188 -5.732239 -6.504578 -17.94379
-26.01318 -14.61804 -17.75623 -10.39758 -14.7337
-24.55804 -15.38184 -21.27673 -14.20386 -14.33838
-16.43274 -14.8924 -55.49268 47.60437 -43.12292
-7.976501 -12.96613 -13.41803 -15.6933 -10.44446
-9.321167 -14.08026 -10.16382 -16.85242 -10.1944
-7.533203 -12.10602 -8.734924 -16.07898 -8.158264
-7.127258 -8.477661 -8.959778 -12.15759 -10.02594
-24.23749 -16.04236 -11.1156 -15.38354 5.12677
-30.42102 -18.91016 -18.01282 -9.2948 -10.10474
-34.16211 -20.06226 -28.49738 -9.615234 -11.17627
-43.90045 -24.48077 -149.5947 -31.45898 -24.33044
-23.0144 -15.27301 -9.006958 -15.43121 -19.88184
-22.85645 -15.80823 -9.227234 -14.88184 -20.48785
-21.75671 -15.26276 -22.09027 -16.67737 -18.40973
-22.67938 -14.63129 -26.60205 -17.55634 -21.54169
-17.17419 -13.77881 -9.261414 -15.34656 -7.526001
-13.23517 -7.716125 16.47382 -5.267883 -19.20667
-18.28296 -14.63043 -7.066345 -12.53595 -8.758972
-19.54797 -16.03168 -12.13385 -14.13715 -8.649048
-6.930542 -7.874451 -8.509827 -12.9549 -8.201172
39.52087 -32.84369 -23.0144 -11.46912 7.304565
-6.701721 -11.09863 -7.75061 -10.66315 -12.90479
-9.304504 -10.25739 -10.63269 -9.534546 -10.86261
-9.55542 -11.14929 -10.7196 -10.25543 -10.92926
-6.963867 -8.16803 -7.954102 -11.94849 -8.848206
-9.10144 -9.774597 -8.782776 -10.96808 -9.78595
-9.726685 -10.18982 -10.77838 -9.365479 -10.54572
-8.928467 -10.29944 -10.69171 -8.988098 -10.69299
-23.19861 -14.77368 -9.773071 -15.60199 -20.0224
-24.42474 -14.17029 4.313843 -17.03094 -14.6662
-20.39655 -15.27209 -9.901428 -15.05981 -18.68262
-22.7287 -16.42413 -10.58936 -14.48572 -20.98846
-23.02277 -14.19415 -9.935974 -15.99634 -19.51154
-28.00934 -15.14893 10.04681 -12.18555 -20.32635
-27.08832 -14.44849 12.13983 -10.62219 -18.02838
-22.89703 -16.51685 -9.895447 -14.22479 -20.69745
-22.88007 -16.08679 -9.528992 -14.68567 -20.87628
-6.746826 -11.9743 -11.16589 -15.09906 -8.376587
-46.82037 11.11938 -139.9852 -24.85999 7.742798
-46.75189 15.6098 -138.9799 -15.28644 13.76764
-8.172791 -12.72772 -9.393738 -14.95526 -7.444153
-7.485168 -13.06879 -12.51953 -14.35132 -7.951843
-17.45258 -13.71454 -11.3056 -14.98071 -7.795288
-22.32916 -9.659119 -9.876526 12.06262 -34.94775
-19.0282 -14.99335 -8.270874 -11.64105 -8.852905
-19.8844 -16.35486 -13.19067 -13.4198 -8.627747
-17.07678 -13.07019 -9.741882 -16.19257 -7.91626
-9.197205 4.625854 -10.12396 -4.838684 -4.209717
-30.73395 -21.48108 -15.24438 -6.690613 -4.281372
-30.51361 -21.90356 -17.20868 -9.221008 -6.265808
-62.31696 -13.67242 -162.1929 -12.74396 -8.043518
-17.93799 -14.28638 -10.16168 -15.10077 -7.745605
-18.66711 -15.5351 -11.20398 -14.94495 -8.34314
-19.78638 -16.28546 -12.5799 -14.28558 -8.489868
-19.4967 -15.97833 -12.21094 -14.35944 -8.795837
-7.691101 -8.03186 -7.731506 -12.67157 -8.770264
-10.28033 40.71301 -14.92279 -9.75354 -35.04254
-17.08051 -11.91968 -13.7959 -14.59399 -11.55963
-16.78607 -11.34607 -14.47791 -14.17523 -11.65381
-6.932922 -8.58551 -9.201721 -12.00702 -9.463562
-8.265442 -9.250305 -9.470032 -10.42914 -10.7934
-16.6908 -9.811523 -21.93286 -11.96002 -10.82898
-17.5415 -11.48474 -26.40985 -11.88147 -10.72388
-16.58862 -11.53888 -25.98456 -12.375 -10.38202
56.75592 -46.26215 -13.29883 -39.27496 -52.24982
65.10089 -22.17853 -9.094727 -3.019165 -26.33331
-20.87109 -14.94092 -8.359619 -15.10858 -19.41382
-22.92426 -16.25946 -9.737061 -14.53705 -21.05426
-6.644714 -7.521301 -7.618652 -12.5827 -8.628662
-5.169739 -5.631775 2.880127 -14.48822 -4.473877
-9.5625 -9.880188 -10.16089 -9.732483 -10.24255
-10.31079 -10.98846 -11.51727 -9.631531 -11.20636
-9.552185 -13.10052 -12.78809 -16.41858 -5.940308
-7.13324 -10.95264 -13.0473 -13.76489 5.114136
-19.02881 -16.99152 -2.250854 -16.86914 -14.77954
-11.52551 -14.40546 -11.67749 -13.95789 -6.18634
-11.13177 -14.31848 -12.04034 -14.50714 -5.924011
-40.74438 62.59125 -74.35248 -51.35144 -38.42102
-28.66241 43.90515 -5.472351 -25.43127 -25.32355
-14.15601 -11.10754 -19.33856 -8.11084 -19.69312
-14.44525 -11.37799 -20.35522 -8.324158 -19.99121
-19.90076 2.941772 21.65137 -12.4325 -23.58282
-18.05292 34.599 24.73328 -19.51593 -22.76489
-19.00092 -16.00452 -11.54053 -15.63068 -9.144592
-19.68964 -16.25055 -12.34564 -14.50348 -8.576782
-52.23572 -13.08606 -144.1328 -27.71063 -15.84338
-6.795532 -12.21881 -11.29474 -14.58289 -7.677063
22.50934 -13.18768 -17.25073 -20.88696 -10.65845
-17.50427 -10.7323 -13.68256 -4.388123 -13.73914
-18.94427 -15.35114 -26.815 -13.49927 -16.23438
-16.38757 -12.90198 -9.870483 -15.91559 -7.332458
-9.548889 -12.40521 -7.132385 9.435974 11.53229
-10.93933 -11.67114 -10.7536 9.451782 9.620056
-20.81671 -15.7951 -8.670898 -11.28088 -9.252075
-18.39349 -15.67676 -11.50403 -15.06085 -8.484558
-23.16724 -15.16064 -9.224182 -15.31647 -20.04431
-35.17065 71.46686 -58.10004 -60.00409 -20.03229
-22.89282 -16.19818 -9.622803 -14.39203 -20.7309
-22.84125 -16.36993 -9.961243 -14.33905 -20.95349
-6.66748 -7.298401 -7.685547 -12.57471 -8.540161
-7.708069 -9.278259 -8.366028 -10.8587 -9.097595
-9.505676 -10.40027 -9.955627 -10.35028 -10.46362
-9.461304 -10.51831 -11.18555 -9.253418 -10.79303
-57.08398 -24.9552 -175.0752 -11.28668 -24.01471
-35.21564 -11.84149 -11.22247 -8.397949 -11.90906
-57.46991 55.21643 -31.10663 -12.34723 -8.482727
-37.46033 -21.1322 -31.90979 -9.000488 -12.65875
-36.87445 -20.59601 -32.39697 -9.21991 -12.60126
-13.33795 -14.8443 -6.175171 -12.95636 -12.71899
-12.94183 -20.13141 -18.50665 4.536255 -30.62781
-9.224243 -14.36285 -12.51758 -13.12146 -8.77832
-8.894531 -13.64343 -11.27667 -16.7124 -10.08588
-9.733582 -13.12024 -12.00702 -16.05969 -5.730347
-10.21539 -12.48419 -3.176514 -12.53583 -6.641846
-16.04639 -15.96277 -12.94208 -13.64618 -8.717102
-11.25165 -14.48706 -12.30542 -14.3476 -5.977539
-10.72974 -14.33215 -12.25244 -14.73059 -6.01123
-5.10675 -7.678162 -2.995422 -3.848511 4.796631
-26.73303 -12.46625 -20.39288 -19.13721 -12.34491
-30.77869 -16.21466 -31.14539 -14.31354 -16.91846
-29.88812 -15.45447 -30.88397 -14.24335 -16.41974
24.98102 -53.23413 -34.1554 -28.25708 -27.69122
29.19556 -31.30994 -44.46179 -16.22577 -25.70129
-7.29126 -12.94855 -7.051392 -11.31982 -10.98468
-8.115784 -12.35748 -8.373657 -13.88739 -7.645447
-13.94788 -12.56024 -7.798645 -16.67346 -4.658203
-15.89447 -10.72058 -7.759521 -16.97363 -8.639038
8.000244 -36.67816 -57.85242 -46.698 -20.63519
-8.021179 -11.27051 -6.799866 -19.39697 -11.74408
-16.36072 -11.84027 -3.713745 -16.46832 -9.195374
-6.487549 -7.86853 -8.364258 -12.54309 -8.174194
-7.813049 -9.054016 -8.193848 -10.87158 -9.186584
-10.17053 -6.395569 12.15033 -7.65094 -18.83362
-14.9303 -10.59558 -19.7019 -10.69623 -9.575806
-40.0683 -23.97211 -146.6437 -34.44257 -22.51154
-12.47852 -11.76123 -2.182922 -21.64368 2.80481
-13.42889 -11.71094 -2.548767 -18.00531 5.149963
-15.99365 -13.5907 -3.704224 -17.25055 -9.580688
-14.62091 -17.93274 -10.02295 -14.026 -9.312988
-22.96362 -15.04523 -9.22998 -15.69568 -19.75848
43.03516 -27.29199 -13.88403 -8.020691 -41.20764
-17.97693 -11.76019 -9.20752 -15.16583 -22.77222
-21.0816 -12.41553 -15.01794 -15.88007 -19.31165
-7.451782 -8.086731 -9.163574 -13.30151 -8.172729
-4.959961 -4.019287 4.723755 -10.91669 -10.65381
-23.60266 -23.17511 3.455505 -11.2934 -17.06128
-24.07843 -15.94421 -19.95782 -12.69781 -13.2583
-23.97058 -15.39734 -20.62659 -12.5921 -13.26196
7.339722 -19.26959 -41.38971 6.177063 -9.934021
-22.83276 -24.78442 -8.687744 -26.70312 -45.55884
-28.86737 -15.43335 -11.83069 -14.91895 -29.88562
-30.53424 -17.49774 -11.34106 -15.21948 -31.23901
-16.33453 -12.7995 -9.778687 -16.15869 -7.470886
-18.27692 -14.76636 -10.6015 -14.98627 -8.173218
21.47424 -6.575989 -67.21686 25.38519 -50.59985
-46.03967 -58.28247 -64.68109 -8.447205 -37.21558
-19.92499 -14.67841 -6.838013 -12.25244 -10.82336
-13.37958 -10.52795 -16.94775 -10.43018 0.8193359
-10.10034 -10.79633 -1.128845 -18.00244 -10.22333
-14.9519 -14.56677 -6.043762 -15.315 -7.467407
-16.13318 -12.7558 -8.348877 -15.82477 -8.420166
-6.891113 -7.723328 -9.227112 -13.26935 -8.228699
-5.899536 -9.203979 13.0705 -14.26282 -14.35748
-8.563232 -8.934937 -7.375 -10.12347 -10.39923
-9.970703 -10.44336 -11.32245 -9.183533 -10.93011
-9.620972 -10.70428 -10.59729 -10.01111 -10.8302
-23.16724 -15.16064 -9.224182 -15.31647 -20.04431
-27.13727 57.84973 -12.61035 -25.56311 -15.31506
-42.96497 64.21838 -37.45404 -34.29645 -8.243591
-21.50806 -12.73969 -15.71533 -16.06769 -19.33087
-21.0083 -11.90051 -15.33075 -15.88556 -19.23883
-6.893127 -3.071777 -0.9455566 -4.146362 7.184021
-22.10046 -8.647095 -4.733459 -8.556763 4.661865
-6.716431 -11.47699 -5.339722 -11.12897 -12.4173
-9.979126 -11.10986 -11.53723 -9.719238 -10.87274
-6.712769 -7.454102 -8.334412 -13.40283 -8.092102
-7.177612 -8.7677 -8.485718 -11.46753 -9.064453
-19.35742 52.81256 -9.949646 -25.82141 -13.34497
-10.02264 -5.780029 -11.75616 -12.08813 -12.7359
-8.627014 -10.02924 -9.904541 -9.601135 -10.48041
-6.681763 -8.50647 -9.646973 -12.49908 -9.398376
-8.104858 -9.744568 -9.962402 -10.3866 -10.51794
-11.21265 -9.20697 10.36792 21.36096 -40.30029
-9.14209 -9.195923 15.43927 16.34058 -32.10394
-9.266235 -10.45111 -9.943787 -9.085632 -12.45441
-8.337769 -10.69611 -10.5965 -9.288696 -11.3847
-15.20642 -13.73914 -8.712646 -16.41101 -7.830566
-22.20813 -13.60992 -2.741638 -13.89368 2.5672
-15.09888 -15.94672 -7.342529 -14.49774 -10.06909
-16.30042 -15.76807 -7.673706 -17.77252 -9.684326
-15.07739 -13.6825 -4.182861 -19.21716 -6.451355
-15.53949 -13.72668 -4.323425 -16.66943 -7.210999
-3.541626 -11.96368 -7.928772 4.240967 -13.9433
-27.20691 -16.46716 -12.07092 -9.977417 -6.845337
-15.78967 -14.13586 -2.774475 -15.86487 -7.311218
-22.96552 -14.46246 -9.967346 -15.78601 -19.59125
-22.84344 -14.95068 -9.309998 -15.9303 -19.46167
-22.71368 -15.58594 -9.531067 -15.03589 -20.20178
-22.74475 -16.33044 -9.61322 -14.43365 -20.91962
-23.06226 -16.15192 -9.355957 -14.35406 -21.05231
-7.451782 -8.086731 -9.163574 -13.30151 -8.172729
-25.79126 10.5451 -54.49597 -26.17651 -15.37793
-17.8349 0.1305542 -55.68372 -21.00989 -11.92523
-24.23126 -15.45697 -20.03314 -12.22888 -13.87817
-23.65613 -15.22845 -19.92932 -12.46881 -12.90717
-7.087036 -12.65314 -12.25891 -14.29089 -7.717896
-7.082581 -11.70959 -7.23291 -14.28662 -6.73645
-8.951965 -13.01849 -9.196655 -14.51874 -8.402649
-8.286926 -13.06683 -9.973267 -14.23608 -8.601196
6.60022 -80.40515 -116.1377 49.68085 -63.0379
-11.82263 4.255188 -43.04803 -25.82983 -31.10767
-21.78992 -10.9577 -34.53979 -14.01593 -13.91205
-22.27942 -11.98047 -37.21057 -14.55634 -13.62726
-6.712769 -7.454102 -8.334412 -13.40283 -8.092102
-7.177612 -8.7677 -8.485718 -11.46753 -9.064453
-31.13513 60.89673 -41.73566 -37.07806 -19.67493
-14.91803 52.67737 -37.7608 -44.79138 -14.2641
-9.150085 -10.85565 -10.63739 -10.15552 -10.68469
-6.681763 -8.50647 -9.646973 -12.49908 -9.398376
-6.089417 -8.265259 12.01129 -12.46716 -12.73206
-8.928589 -10.57751 -10.10876 -9.645264 -11.82428
-19.42499 -12.92053 -8.254944 -14.30804 -9.401062
-33.53131 -19.77856 -25.49243 -8.997314 -10.5462
-10.05347 -13.4375 -12.12274 -15.83643 -5.670776
-29.42773 -2.020325 -119.4473 97.47632 -34.35925
-23.86426 -56.20471 -101.5038 -2.353882 -89.80969
-7.529541 -53.93201 -81.96759 -15.30945 -80.01123
-13.56299 -9.127625 7.358704 -14.19293 -5.886047
-16.117 -10.98615 7.539612 -17.90912 -8.720154
-16.1604 -16.07477 -4.14447 -16.46106 -8.948547
-16.95917 -14.25427 -7.123108 -16.7746 -10.59857
-57.02686 -24.83331 -174.9677 -11.85498 -23.80902
0.2895508 -5.805664 6.530701 -14.53571 -19.8103
-6.542053 -7.86792 -4.290649 -14.18817 -13.29333
-9.498474 -10.30597 -10.53113 -9.407715 -10.99841
-8.934998 -10.43433 -10.85199 -9.233276 -10.67267
-8.177917 -8.45459 -8.275085 -13.09784 -8.990295
-8.701721 -9.700806 -8.591248 -11.1673 -9.781067
1.813965 -14.18237 -19.65228 28.57196 2.133118
-9.371399 -10.96527 -11.09271 -9.629333 -10.92511
-8.442444 -10.15588 -10.13739 -9.84259 -9.850952
-7.885193 -8.693787 -8.877319 -12.87622 -8.932678
29.72803 -26.72412 -42.14636 -14.35364 -16.12561
-6.469177 -15.5752 -5.643311 -10.43817 -14.56396
-9.152222 -10.4328 -10.82904 -8.810608 -10.67444
-6.274841 -10.9173 -6.932495 -15.31433 -7.231445
-13.0694 -12.59851 -5.941956 -13.70392 -32.13226
-39.88385 16.66925 18.92285 -12.43561 -43.97491
-24.55005 -14.6604 -35.03131 -11.78522 -20.36633
-24.80841 -15.31555 -38.89722 -12.47809 -21.323
-15.20642 -13.73914 -8.712646 -16.41101 -7.830566
-15.112 -14.3385 -3.899414 -17.26349 -5.168396
-18.48279 -11.54492 3.401794 -15.75549 -6.246704
-16.40894 -13.2995 -7.552673 -18.47717 -9.959473
-18.72308 -13.82593 -2.332886 -17.14221 -10.33557
-1.579956 -1.75769 -5.891418 -24.84491 1.048706
-6.936646 -8.418274 -14.40546 -21.57941 12.63611
-14.27545 -10.05042 -18.51282 -11.20697 -10.9071
-14.18097 -10.8374 -20.45331 -10.99469 -9.967041
-7.06842 -8.072205 -8.864014 -12.95013 -8.290771
-6.862671 16.37921 -5.67511 -10.05322 -19.58942
-11.59747 17.2442 3.489868 -4.439331 -18.07306
-10.24231 -10.79791 -10.9057 -9.629333 -11.3371
-9.29718 -10.75909 -9.838928 -10.90161 -10.52594
13.86206 -11.86462 -16.54962 -7.821106 -6.897461
1.473145 -11.05695 -14.20844 -3.458923 -5.380188
-9.563782 -10.28821 -10.63934 -9.541382 -10.51038
-8.968689 -10.30151 -10.67419 -8.944275 -10.72028
-6.656616 -7.869507 -8.561401 -12.27881 -8.410461
-7.754761 -9.106995 -8.157776 -10.77356 -9.252075
-12.57764 -6.4151 -4.859131 -5.519592 -12.31024
-24.60199 -15.90253 -19.44592 -12.12073 -13.95709
-6.712769 -7.454102 -8.334412 -13.40283 -8.092102
-7.177612 -8.7677 -8.485718 -11.46753 -9.064453
-11.72266 -11.24445 -16.87604 -12.70825 -14.9762
-16.14056 -10.31281 -21.96259 -10.96002 -9.841797
-16.4361 -10.78003 -23.78979 -12.39008 -9.986206
-14.453 -48.69891 -67.8653 -30.43176 -14.31989
-58.58417 60.4632 -35.27881 -18.33636 -13.54449
-46.15277 51.10516 -22.19653 -19.0368 -5.970581
-33.53424 -19.3952 -28.12726 -10.42743 -10.30713
-16.50385 -12.1496 -11.44873 -15.61737 -7.550964
-17.67279 -14.19165 -11.72308 -14.73792 -7.713989
-19.07965 -15.66467 -12.22852 -14.18365 -8.274963
-20.15002 -16.58319 -13.43738 -13.56006 -8.850281
-19.37152 -15.80658 -12.70099 -13.7912 -8.554932
-10.22144 -13.30792 -12.12378 -15.883 -5.62323
-29.97644 -11.2262 -9.668518 -11.41852 10.74231
-11.09027 -13.93677 -11.0274 -14.22162 -6.048706
-11.32953 -14.51208 -12.07111 -14.1377 -6.153259
-43.90045 -24.48077 -149.5947 -31.45898 -24.33044
45.82452 -7.606079 -27.83746 -38.38733 -30.20325
-12.13684 -17.06799 -18.90765 -13.86658 -14.05353
-22.45233 -15.94611 -9.449219 -14.62115 -20.63501
-23.02954 -16.37628 -9.640442 -14.31598 -21.23859
-22.20575 -10.81689 -6.233765 -24.65912 -22.35675
-17.2486 -15.138 -7.031738 -34.22614 12.11584
-18.6463 -16.28131 -11.27484 -31.22626 11.47052
-22.27228 -16.28656 -17.93207 -16.77228 -14.71674
-22.08423 -15.45007 -19.39911 -18.38477 -16.27869
56.73303 -35.00269 -10.87299 -26.30396 -21.24695
8.093628 -6.615662 -20.52411 -14.66345 -7.908203
-30.30963 -17.93481 -36.67023 -17.34283 -19.50153
-29.77905 -17.71356 -36.80096 -17.44666 -19.63708
-7.059021 -12.95728 -12.12506 -9.671814 -7.190796
16.43903 -7.938293 -23.91803 -4.435242 -11.94458
-25.76794 -21.3559 -42.06097 -6.270569 -25.90503
-25.74219 -14.97736 -39.24127 -11.9458 -22.19824
-6.712769 -7.454102 -8.334412 -13.40283 -8.092102
-2.389526 -6.287659 -0.5668945 -17.8938 9.450745
-4.397522 -8.627625 3.357666 -16.86658 8.245483
-9.71759 -9.61676 -8.694702 -9.571777 -11.33051
-9.010681 -10.14471 -10.37372 -9.493713 -10.46326
-23.16724 -15.16064 -9.224182 -15.31647 -20.04431
-20.08588 -13.4342 -11.87604 -4.677917 -19.71307
-28.41498 -23.62421 -29.17169 34.75348 -40.65417
-26.48511 -17.04095 -12.12622 -11.10101 -32.50134
-16.35358 -12.72626 -9.59613 -15.80292 -7.246216
-18.1886 -14.49719 -10.23114 -15.09454 -7.874939
-14.62823 -9.934265 9.32135 -6.604858 -13.95074
-19.97357 -15.96466 -11.02997 -14.047 -9.84845
-19.02954 -15.89813 -12.06067 -14.61017 -8.789124
-24.75153 35.38904 1.196838 -7.984619 -44.45166
-27.65472 32.43787 3.522461 -7.47113 -42.18951
-8.71814 -11.07422 -9.124023 -8.355774 -12.63776
-9.353088 -11.2334 -11.80957 -8.354919 -12.73517
-16.63977 -12.88971 -10.40753 -16.06372 -7.533508
-35.27295 -6.731812 5.747253 -10.2948 5.836487
-19.46057 -15.61285 -10.62079 -14.33453 -8.405029
-19.70123 -16.54596 -12.62225 -14.27954 -8.438721
-23.02277 -14.19415 -9.935974 -15.99634 -19.51154
51.83899 -42.65668 11.43665 -36.21655 -10.53931
50.15259 -24.47003 13.19391 -13.55554 -19.70325
-16.3233 -16.29236 -11.00745 -16.43622 -10.4574
-21.51355 -12.55853 -15.72314 -15.92517 -19.22388
-17.42975 -11.31244 -6.459412 -15.86267 -9.014587
-11.49701 -19.336 -40.75043 9.172974 -18.60248
-37.00378 -16.04797 -29.36212 46.76428 -37.72247
-12.40796 -13.9411 -9.087463 -15.48199 -8.232666
-6.681763 -8.50647 -9.646973 -12.49908 -9.398376
-5.166382 -9.614197 -6.695374 -10.89923 -13.20612
-9.155396 -10.2356 -9.746399 -9.148682 -12.29395
-10.31561 -11.2619 -12.41223 -8.538818 -12.75415
-9.101868 -10.8938 -11.63135 -8.699158 -12.19537
-17.15704 -11.62421 -9.762329 -14.64185 -15.87347
-15.48254 -10.28833 -12.19678 -13.1911 -11.52966
-17.42786 -11.6239 -14.85126 -13.50391 -13.10052
-17.21906 -11.68268 -14.96173 -13.35748 -13.07745
-7.221741 -7.504211 -8.005859 -12.94354 -8.523193
-7.736816 -9.061218 -8.046509 -10.79541 -9.169312
-9.515442 -10.59198 -10.06165 -10.41638 -10.52014
-9.638611 -10.56769 -11.29315 -9.127014 -10.98273
-9.314087 -10.67175 -10.37494 -10.02197 -10.64679
-7.221741 -7.504211 -8.005859 -12.94354 -8.523193
-11.07599 -7.491943 -16.43018 -12.42175 -17.32953
-14.06317 -10.6048 -18.82373 -10.18738 -17.6167
-13.94238 -10.46729 -18.57178 -9.604431 -17.53687
-13.65796 -10.50592 -18.75092 -10.30591 -17.65887
-7.471008 -8.083923 -7.664795 -12.70795 -8.88623
-4.158081 -7.491882 -4.530701 -15.27167 5.361206
-8.537781 -9.753601 -8.044312 -9.077881 -9.921143
-9.777222 -10.77094 -10.66229 -9.88147 -11.19
-9.733582 -13.12024 -12.00702 -16.05969 -5.730347
-10.63556 -13.64142 -11.83459 -15.33893 -5.431824
-11.32269 -14.05145 -12.00055 -14.65289 -5.687439
-11.17981 -14.44098 -12.16388 -14.29962 -5.94812
-10.72394 -14.33246 -12.28424 -14.73267 -5.978577
-23.23096 -15.19971 -9.311157 -15.39154 -20.18018
-33.37988 68.54529 -45.56555 -52.59045 -14.45306
-22.7807 -16.15021 -10.0567 -14.75378 -20.83081
-22.92334 -16.31903 -9.521667 -14.46631 -21.08228
-7.06842 -8.072205 -8.864014 -12.95013 -8.290771
-7.616638 -9.102356 -8.177551 -10.96472 -9.105103
-9.945374 -10.39392 -10.45685 -10.40875 -10.55371
-10.33887 -11.03052 -11.37988 -9.674072 -11.21362
-43.90045 -24.48077 -149.5947 -31.45898 -24.33044
-30.74512 67.95667 -34.98322 -46.63672 -10.70123
-34.17053 69.21924 -50.01544 -55.46326 -16.24841
-22.80328 -16.1925 -9.642273 -14.44751 -20.92719
-23.00909 -16.31781 -9.69519 -14.24353 -21.12433
-15.74164 -10.7356 2.763977 -13.72681 -10.93225
-18.53632 -15.61481 -11.00079 -17.2287 -11.55292
-18.98517 -15.32697 -10.36584 -14.33081 -8.447327
-19.53754 -16.04327 -12.23669 -14.12701 -8.727112
-9.733582 -13.12024 -12.00702 -16.05969 -5.730347
-9.844849 -13.95691 -12.59985 -15.54498 -6.112549
-11.34229 -14.06879 -11.86786 -14.60107 -5.704224
-11.24634 -14.40131 -12.17072 -14.32404 -6.033875
-10.78156 -14.34412 -12.46149 -14.65381 -5.962891
-16.92151 -14.05096 -9.80719 -15.44043 -7.511536
-18.56628 -15.36975 -10.81531 -14.85486 -7.685181
-19.77246 -16.13654 -12.01013 -14.39294 -8.338257
-19.20178 -15.8266 -12.11572 -14.81848 -8.582397
-6.930542 -7.874451 -8.509827 -12.9549 -8.201172
-6.070923 -6.666931 -8.374756 -8.952271 -17.6875
-11.08282 -10.08856 -14.65869 -11.18146 -14.23181
-10.93585 -10.18652 -14.48157 -9.711609 -14.01221
-10.73572 -10.70428 -16.67584 -10.85052 -14.00934
24.60944 -17.73743 -27.3786 -9.247803 -11.43665
22.46161 -16.25531 -28.95892 -6.084045 -13.28021
-6.444702 -12.44769 -5.968384 -11.01611 -13.59564
-8.592041 -10.45148 -10.58716 -8.977722 -10.51355
-16.13068 -9.265137 -5.140259 -6.936584 -9.781128
9.2854 -24.43829 -47.50873 -31.22638 -39.87878
-21.89301 -14.9577 -22.57532 -16.82166 -18.66351
-22.88525 -14.8877 -26.62988 -17.68268 -21.58881
-6.712769 -7.454102 -8.334412 -13.40283 -8.092102
-12.56018 -11.74561 -6.590515 -12.47784 -12.17395
-49.16223 64.18103 -63.90186 -39.82245 -28.95044
-16.95392 -12.87408 -12.67627 -14.01062 -11.80176
-16.87183 -11.17285 -14.08215 -14.02448 -11.58093
-7.06842 -8.072205 -8.864014 -12.95013 -8.290771
-26.15448 56.10944 -21.07245 -20.49866 -66.31097
-40.30524 58.28699 -15.46252 -6.688416 -67.93652
-25.51196 -13.98138 -14.10986 -9.899963 -15.87921
-23.70654 -14.54028 -19.30463 -12.55859 -12.97766
-16.68323 -12.69366 -11.14496 -15.34601 -7.540161
-18.23645 -14.80035 -11.72949 -14.50391 -7.986511
-19.5705 -15.88751 -12.03998 -13.80383 -8.372925
-19.86621 -16.41388 -13.02063 -13.54163 -8.549866
-6.854797 -7.616638 -8.812683 -13.37775 -8.028198
-7.158508 -8.84729 -8.34436 -11.48993 -9.006531
-5.305481 -9.299072 -14.237 3.872498 -5.511292
-15.58923 -14.80939 -36.51263 18.77075 -15.30182
-15.48352 -10.06262 -19.90906 -9.17334 -19.69421
-6.712769 -7.454102 -8.334412 -13.40283 -8.092102
-7.177612 -8.7677 -8.485718 -11.46753 -9.064453
-13.32727 -10.11652 -18.21918 -12.92377 -11.3703
-23.9361 -14.16467 -17.97314 -18.07013 -12.76642
-28.46844 -15.93121 -25.90985 -12.33722 -15.47406
-55.0575 -12.3338 -145.2644 -24.08319 -17.39441
-19.68335 -10.52661 -21.58313 -14.28802 -10.47467
-18.27789 -13.37848 -26.05023 -16.41028 -10.50299
-18.73541 -13.66339 -26.54065 -16.09869 -10.33856
-18.58649 -13.78632 -26.40283 -15.93646 -10.59467
-17.17419 -13.77881 -9.261414 -15.34656 -7.526001
26.09137 -38.88397 -46.8186 -14.45337 -5.008179
-10.36566 -31.13068 -41.76221 -18.07983 -42.93872
-18.85034 -15.97064 -11.46375 -15.47772 -10.4408
-6.854797 -7.616638 -8.812683 -13.37775 -8.028198
-19.13409 -13.66797 -10.68494 -13.87012 -7.21521
13.38666 -30.17316 -85.21082 -49.76605 -27.87872
9.984375 -9.532166 -6.72052 -20.19543 -34.88226
-24.29498 -23.43408 -14.28748 -23.29474 -10.42078
-22.646 -13.48492 -17.62164 -12.55359 -12.13416
-7.879883 -9.358704 -10.01923 -11.12823 -10.323
-11.83551 21.69708 2.565979 -4.784851 -25.2251
-9.432373 -10.79205 -10.15375 -9.026611 -12.65857
-9.436707 -11.34479 -12.03412 -8.28717 -12.59369
-17.07678 -13.07019 -9.741882 -16.19257 -7.91626
-17.9986 -14.41351 -9.969299 -15.15387 -8.125916
-19.25232 -15.7356 -11.52893 -14.77936 -8.556702
-19.8136 -16.30487 -12.51935 -14.28333 -8.674927
-57.02686 -24.83331 -174.9677 -11.85498 -23.80902
-11.76904 -8.397095 -18.65509 -13.77148 -16.47479
-14.07892 -10.19714 -19.41138 -10.65253 -17.34845
-14.41718 -10.20563 -19.13623 -9.781372 -17.81274
-13.93573 -10.32428 -19.53644 -9.592041 -17.76392
-7.691101 -8.03186 -7.731506 -12.67157 -8.770264
-5.629456 -13.27814 13.74567 -24.88556 -9.913879
-8.22821 -9.580933 -6.384155 -13.97699 -14.151
-9.135315 -10.44409 -10.89539 -9.448486 -10.67401
-7.569153 -8.072205 -8.768372 -13.17523 -8.214966
29.59003 -13.92181 -49.24774 -6.416016 -26.54895
6.213379 -26.41431 -23.84259 -13.9162 -5.813599
-7.200073 -10.5481 -6.90094 -8.917969 -11.45349
-8.968018 -10.60162 -10.33423 -9.591553 -10.66339
-16.39331 -12.59351 -5.179504 -7.770264 8.728516
-16.19049 -13.21448 -7.692078 -9.142517 7.43396
-22.62573 -16.00006 -9.626221 -14.77521 -20.7196
-22.95197 -16.31873 -9.717896 -14.57233 -21.07428
-13.87219 -13.34143 1.355103 -8.815002 -13.46082
-15.68939 -14.28467 -3.86792 -7.523804 -15.43439
-7.116943 -12.31036 -11.12665 -12.85535 -5.983032
-9.078979 -13.47925 -12.37781 -13.81213 -7.585876
-6.681763 -8.50647 -9.646973 -12.49908 -9.398376
42.39496 -36.07996 -2.006958 -14.69403 -11.98492
-8.548218 -9.370483 -7.080994 -9.338745 -13.61633
-10.31921 -11.31293 -12.42804 -8.622192 -12.58435
-9.133972 -11.0318 -11.8653 -8.734253 -12.33228
-7.616333 -9.297302 -9.703491 -11.25922 -10.0163
-6.917908 -9.903625 -10.3833 -11.65192 -9.398621
-11.08124 -12.22223 -13.85388 -7.987061 -12.98688
-36.51123 -22.03345 -26.05347 -8.198975 -11.46088
-33.69189 -19.10254 -26.48663 -9.198547 -10.25842
-17.02203 -13.75952 -10.19568 -15.69379 -7.522034
-18.64874 -15.19556 -11.16455 -14.87799 -8.355591
-19.80621 -16.21228 -12.1167 -14.46124 -8.643982
-19.87775 -16.28632 -12.34583 -14.41492 -8.704285
-7.221741 -7.504211 -8.005859 -12.94354 -8.523193
-7.736816 -9.061218 -8.046509 -10.79541 -9.169312
4.166321 -6.142334 4.396851 -10.3327 -12.48956
2.356506 -24.06433 3.491211 -22.31586 -18.80682
-8.599915 -10.92706 -9.569763 -10.31677 -10.88116
-6.891113 -7.723328 -9.227112 -13.26935 -8.228699
-7.319214 -8.784912 -8.407288 -11.40771 -8.950012
64.25598 -24.07861 -7.698364 -34.35278 -15.3642
-2.849487 -15.38867 -15.59381 -43.95197 -33.23914
-8.695618 -9.556091 -8.66156 -9.837708 -10.66132
-17.07678 -13.07019 -9.741882 -16.19257 -7.91626
-17.9986 -14.41351 -9.969299 -15.15387 -8.125916
-25.22382 -8.681519 -38.28558 30.48651 -40.90643
-21.19928 -18.57422 -7.954346 -16.60559 -22.96301
-18.55408 -15.22992 -10.7204 -14.76355 -9.006836
-7.691101 -8.03186 -7.731506 -12.67157 -8.770264
-8.874634 -9.79834 -8.541077 -11.26038 -9.739319
-15.26019 -9.783203 -19.35712 -11.68579 -10.1134
-15.78894 -11.09723 -22.52783 -11.58075 -10.14648
-22.96552 -14.46246 -9.967346 -15.78601 -19.59125
-24.85181 -16.04816 8.535522 -16.76648 -17.73578
-23.2149 -16.479 -8.4422 -14.13397 -20.35193
-22.71674 -16.32025 -9.609314 -14.50568 -20.94073
-23.06226 -16.15192 -9.355957 -14.35406 -21.05231
-7.03656 -8.23584 -8.222961 -11.88464 -8.88855
-3.760864 -3.922241 0.7702026 -14.98114 -8.736023
-6.776428 -6.502136 2.944153 -12.72485 -6.721741
-8.524475 -10.15894 -10.34985 -8.84552 -10.30029
-7.951599 -9.594055 -9.259033 -10.12726 -9.741089
-6.656616 -7.869507 -8.561401 -12.27881 -8.410461
-7.754761 -9.106995 -8.157776 -10.77356 -9.252075
-10.03461 -10.39996 -10.47058 -10.19354 -10.40942
-23.11432 -14.07324 -16.14172 -12.30011 -14.82831
-13.94788 -12.56024 -7.798645 -16.67346 -4.658203
-10.5611 -11.17236 -17.65948 7.739624 -8.821289
-11.03101 -17.2403 -15.37048 -27.49744 -12.31476
-13.79059 -15.50153 -19.55005 -20.29791 -6.889587
-12.28699 -14.8656 -17.53204 -20.19501 -5.824585
-4.993591 -8.640991 6.358215 -11.29694 -11.08276
-12.19843 -5.941101 -10.21362 -12.49872 -12.99854
-17.56885 -10.65961 -24.61768 -12.42126 -10.45825
-17.44818 -11.05157 -26.22394 -11.90039 -10.60303
-10.22144 -13.30792 -12.12378 -15.883 -5.62323
-7.081909 -15.06348 -11.03076 -7.33136 -21.39368
-10.38794 -16.92365 -19.68274 -1.150879 -15.8576
-12.58331 -13.75153 -6.567383 -9.202515 -7.309875
-11.039 -14.31512 -12.28033 -14.44 -5.913574
-16.94592 -14.13544 -10.26898 -15.75287 -7.48645
-18.67108 -15.43164 -10.88226 -14.83215 -7.951233
-19.71533 -16.07001 -11.6673 -14.29584 -8.331482
-19.49152 -16.06866 -12.53961 -14.58289 -8.948364
-6.487549 -7.86853 -8.364258 -12.54309 -8.174194
-38.2569 61.79083 -62.97699 -47.05109 -28.37677
-7.972168 -11.02808 -7.332581 -9.860535 -11.09497
-10.36853 -10.98297 -11.53613 -9.621155 -11.2005
-6.891113 -7.723328 -9.227112 -13.26935 -8.228699
-5.577942 -6.740417 -3.548035 -4.677917 6.00592
-8.94043 -9.762878 -9.588074 -10.02954 -9.978394
-9.787903 -10.48151 -11.28662 -9.476746 -10.98468
-9.446106 -10.66193 -10.53204 -9.980103 -10.82434
-16.61829 -14.0871 -6.921326 -16.83832 -7.958191
-51.35162 62.6391 -25.39575 -46.14783 14.84937
-54.87982 60.74707 -31.61841 -44.55835 12.00214
-30.25616 -16.63538 -11.29395 -14.43256 -31.18707
-30.54248 -17.79114 -13.42126 -14.36945 -31.68481
-4.574524 -4.28595 8.989929 -11.3952 -11.24933
-7.56781 -6.107056 13.90509 -7.465515 -12.32849
-9.198181 -10.99561 -10.44257 -9.216797 -10.5506
-9.008118 -10.21637 -10.55621 -8.993591 -10.69397
-7.282959 -9.138184 -9.951477 -11.88739 -9.802063
-6.482971 -8.016541 0.6208496 -8.728333 -8.154785
-9.406128 -9.821411 -4.514465 8.097229 -18.83167
-9.656677 -11.47455 -12.30139 -8.298279 -12.60376
-8.680847 -11.00336 -11.04376 -8.943665 -12.18811
-6.963867 -8.16803 -7.954102 -11.94849 -8.848206
37.35046 -24.9657 -20.99097 -10.02411 6.967041
14.06726 -27.3811 -66.05292 -43.69708 18.10333
-25.46497 -22.20984 -58.22113 -27.54468 -11.08826
-28.99231 -20.52875 -15.14252 -10.52704 -8.123108
-17.1369 -17.31622 -42.07904 34.99927 -33.49933
-6.879883 -30.08545 -13.29077 15.00867 -40.84821
-7.038452 -24.64941 -14.38318 -25.85236 -8.366638
-18.47412 -13.44678 -3.178772 -16.39746 -9.122192
-62.16864 -13.80914 -162.4969 -13.00739 -8.441589
-34.93347 -14.24121 -9.42218 -9.984985 8.076965
-36.75226 -15.37054 -10.84027 -8.713562 8.962097
-19.53308 -16.04956 -11.63226 -14.37286 -9.140869
-19.4704 -15.9834 -12.15179 -14.32538 -8.772095
-8.177917 -8.45459 -8.275085 -13.09784 -8.990295
-8.701721 -9.700806 -8.591248 -11.1673 -9.781067
-10.21729 -10.93066 -10.65015 -10.82184 -10.80829
-9.876709 -11.03442 -11.19495 -9.908997 -11.11932
-7.569153 -8.072205 -8.768372 -13.17523 -8.214966
31.4223 -8.474548 2.291138 -19.13812 -16.1748
-10.48407 -9.028076 -11.57983 -12.54657 -16.88086
-10.51154 -10.08624 -13.23865 -9.931396 -13.69672
-10.27197 -10.85846 -15.51123 -10.83063 -13.65662
-10.35547 -13.41803 -12.13208 -15.80682 -5.452087
38.98706 -24.34656 -19.49292 -9.418884 -26.29272
-16.99347 -16.47888 -4.247314 -5.604431 -12.27509
-10.93353 -14.39087 -12.42749 -14.4201 -6.037781
-6.656616 -7.869507 -8.561401 -12.27881 -8.410461
-3.943909 -8.076721 -2.32782 -5.134216 4.261841
-25.21539 -25.46094 -106.6953 71.26447 -49.6037
-10.42999 -10.98901 -11.52478 -9.59668 -11.35425
-9.552185 -13.10052 -12.78809 -16.41858 -5.940308
-18.21991 -19.47076 -13.42462 -10.07141 -7.127563
-49.71814 57.97894 -25.85059 -26.68353 -9.379578
-20.6488 -19.84174 -18.03387 -10.45312 -7.578796
-20.13019 -19.73145 -17.95782 -10.61316 -7.015991
-23.19861 -14.77368 -9.773071 -15.60199 -20.0224
-16.72528 -61.43243 -84.86121 20.92706 -79.32172
-8.160217 -42.40924 -78.48828 36.4129 -66.32849
-22.95172 -18.50342 -8.016235 -11.30896 -20.37964
-6.681763 -8.50647 -9.646973 -12.49908 -9.398376
-8.104858 -9.744568 -9.962402 -10.3866 -10.51794
-13.19373 -10.24725 -18.21039 -7.422485 -20.01331
-15.27008 -11.35852 -20.54303 -8.653503 -20.34082
-14.26691 -11.30035 -21.1662 -9.056519 -19.92773
-7.885193 -8.693787 -8.877319 -12.87622 -8.932678
-14.2995 39.11609 -6.736572 -21.7475 -10.77942
-9.530396 -10.35864 -10.93164 -9.549866 -10.51471
-9.381592 -10.34729 -10.95514 -9.14032 -10.83789
-17.13562 -13.03845 -10.81055 -15.59271 -7.907104
-32.14496 -16.70551 -4.813965 -9.419922 -9.594238
-36.85889 -14.3252 -26.00537 7.186768 -6.455566
-27.29803 -16.65936 -33.66425 -5.157104 9.551147
-31.99237 -19.11853 -23.42383 -8.729431 -10.4873
-7.451782 -8.086731 -9.163574 -13.30151 -8.172729
-6.949768 9.758606 -33.32916 -22.5058 -9.516296
-14.07776 -9.111328 -9.454407 -12.53333 -12.05103
-16.38214 -11.12543 -13.4021 -14.18195 -11.84796
-16.26019 -11.05676 -14.36871 -14.06439 -10.89874
-16.92151 -14.05096 -9.80719 -15.44043 -7.511536
-15.24762 -11.99237 -10.87769 -13.30011 5.215637
-16.50696 -13.00696 -13.3078 -12.46844 4.995483
-19.35327 -15.92163 -12.60645 -14.60175 -8.747803
-18.4411 -15.1217 -11.79572 -15.10583 -8.544006
-7.020813 -8.452881 -8.29303 -11.7218 -9.100342
-33.45032 46.22327 -67.71002 8.036865 -28.75415
-55.46344 -73.97375 -96.95178 -10.6532 -13.9436
-8.762695 -9.504517 -8.06427 -9.519958 -11.3493
-17.01025 -13.0874 -9.791504 -15.98645 -7.638977
16.7182 -37.71954 -36.29559 -34.49438 -25.26135
5.179016 -32.82367 -19.90222 -28.5979 -41.09155
-27.95715 -20.09326 -9.390625 -5.622498 -7.141846
-62.336 -13.59949 -161.9821 -12.69989 -7.811096
-37.48212 18.7431 -120.8874 -13.28223 -14.42413
-15.03754 -11.65027 -6.816101 -13.7641 -10.90338
-20.19812 -14.31287 -15.22894 -12.03278 -10.91876
-20.06702 -14.65637 -17.01471 -12.44733 -10.31427
-17.17419 -13.77881 -9.261414 -15.34656 -7.526001
-18.52277 -15.00372 -10.77405 -14.97845 -8.085388
-19.05341 -15.86572 -11.34088 -14.54517 -8.11731
-19.53186 -15.97797 -12.12769 -14.29474 -8.599854
-18.91687 -15.41022 -11.40466 -14.48096 -8.593384
-7.124146 -7.526306 -7.892639 -12.9541 -8.434509
-57.4679 52.17578 -10.01758 11.99249 -65.92273
-9.074768 -9.640503 -7.747803 -9.939453 -11.2196
-9.711731 -10.56641 -11.36029 -9.217407 -10.86285
-43.90045 -24.48077 -149.5947 -31.45898 -24.33044
-22.85028 -12.27325 8.324768 13.38519 -26.17554
-11.24719 -14.19775 -9.283569 -8.62262 -8.575806
-23.05627 -16.47021 -9.830383 -14.3114 -21.13879
-22.97699 -16.30359 -9.782471 -14.29388 -21.14673
-22.96362 -15.04523 -9.22998 -15.69568 -19.75848
-12.38013 -16.93616 -14.3703 -7.456543 7.00946
-21.35083 -14.87799 -8.15271 -14.95703 -19.73248
-22.79852 -16.30139 -9.748535 -14.35797 -21.02313
-7.451782 -8.086731 -9.163574 -13.30151 -8.172729
-7.691345 -8.452881 -7.600281 -11.31519 -9.046936
-12.86298 29.013 -77.37872 -52.84589 -17.73114
-5.750916 -13.6474 -4.613647 -10.60889 -12.1911
-9.520813 -11.13068 -10.56348 -10.03992 -10.81372
-7.127258 -8.477661 -8.959778 -12.15759 -10.02594
-7.263672 -9.33429 -9.627136 -12.11218 -9.876526
-21.18225 -16.24567 -7.806396 -3.658447 -3.316223
-15.92194 -11.15887 -12.28729 -13.28705 -12.93073
-16.82605 -11.21906 -14.03058 -13.21838 -12.44775
-8.177917 -8.45459 -8.275085 -13.09784 -8.990295
-41.62 63.45679 -73.09729 -51.96521 -37.70142
-7.817261 -12.51868 -8.949158 -5.95813 -9.682617
-9.621399 -10.49707 -9.960999 -9.946228 -11.35779
-6.932922 -8.58551 -9.201721 -12.00702 -9.463562
57.38342 -20.01526 23.7027 -33.29742 -18.31555
55.32489 -15.89301 24.68884 -25.01666 -9.299255
-20.88959 -17.11865 -12.58508 -12.74274 -12.49097
-24.43365 -15.68481 -20.31415 -11.3642 -13.98395
-6.963867 -8.16803 -7.954102 -11.94849 -8.848206
-30.03601 -11.58136 -11.47571 -5.771179 16.55933
-46.9729 -13.81622 -10.36383 -11.97675 7.158325
-8.753967 -8.972595 -6.335327 -9.798645 -11.86206
-57.03137 -24.82581 -175.0547 -11.90198 -23.69843
-18.8349 -13.34766 -17.37103 -27.74719 -13.19318
-18.79944 -10.06323 -27.56995 -13.87866 -11.49231
-19.54865 -11.4375 -30.65704 -12.93488 -11.75299
-19.12811 -11.65253 -31.2796 -13.03571 -12.1723
-7.471008 -8.083923 -7.664795 -12.70795 -8.88623
-8.999084 -9.75946 -8.660278 -11.05548 -9.778076
-10.01294 -9.833496 -7.266357 -11.30664 -12.9093
-9.668335 -10.96704 -11.18311 -9.908813 -11.01263
-6.932922 -8.58551 -9.201721 -12.00702 -9.463562
-25.05298 59.04803 -25.8114 -30.80127 -16.46912
-8.20166 -8.18396 -8.03479 -11.72925 -13.16553
-9.917847 -11.31439 -12.36938 -8.292664 -12.54138
-8.899841 -11.21814 -11.89838 -8.309082 -12.57953
-7.020813 -8.452881 -8.29303 -11.7218 -9.100342
-34.64343 -9.80658 4.562927 -7.911133 -3.265442
-5.042725 -15.00482 -6.219238 -9.653748 -13.19684
-8.805176 -10.33142 -10.5274 -8.989502 -10.64136
-16.81976 -12.90381 -9.294678 -16.10217 -7.526367
-22.94641 -10.59283 -14.86218 -5.382629 -2.539307
-21.25317 -10.79114 -26.04999 -12.13763 2.509155
-26.46863 -16.26257 -24.50543 -14.46802 -16.42285
-57.07776 -24.77924 -174.8464 -11.86865 -23.80383
-7.568298 -8.388184 -7.815674 -11.48395 -8.886414
-8.955078 -10.38226 -9.555176 -10.71417 -9.923645
-9.471375 -10.35406 -10.88556 -9.450439 -10.72516
-8.984497 -10.40576 -10.80261 -9.08313 -10.71021
-7.691101 -8.03186 -7.731506 -12.67157 -8.770264
5.96991 -16.67487 -29.60217 23.7561 -7.901978
39.23175 -16.09448 -25.65405 7.65863 -17.8147
-5.855225 -13.83997 -6.886108 -10.60132 -11.9314
-8.45929 -9.95166 -9.349243 -9.787476 -10.02625
-41.85266 -21.15289 -42.04669 29.33435 -37.46985
-17.4408 -16.38708 -72.88251 -29.3092 -12.39233
-21.74188 -13.90417 -14.74365 -15.3277 -14.11163
-23.68231 -15.48004 -19.40234 -12.32013 -13.70013
-6.66748 -7.298401 -7.685547 -12.57471 -8.540161
-7.708069 -9.278259 -8.366028 -10.8587 -9.097595
-9.709839 2.285583 -7.834961 -14.90717 -9.909058
-8.858398 -10.59894 -10.68628 -9.111206 -10.60773
-9.223694 -10.58252 -10.18182 -10.24365 -10.41107
-17.06207 -13.84833 -10.20795 -15.5567 -7.493774
-41.66309 -14.35406 -11.34998 -8.414368 17.74695
-20.09949 -15.88568 -10.53131 -13.88519 -10.35388
-19.86145 -16.26605 -12.60834 -14.35388 -8.714844
-23.13196 -14.81696 -9.383301 -15.81433 -19.64032
-23.05951 -15.61176 -8.721558 -15.09491 -20.16321
29.19073 -18.117 -26.34735 -10.90765 -21.72681
-15.64185 -16.52209 -32.25598 -24.60114 -31.17157
-29.83398 -18.59534 -20.37653 -9.604004 -39.18341
-15.40509 -10.48749 -7.708069 -17.11517 -7.397034
-7.38446 -11.28491 -13.36578 -39.03357 -25.40741
42.95758 -18.95972 19.09723 -39.68427 -18.48889
39.93219 -17.74628 21.5343 -35.8667 -16.07922
-21.0553 -12.08942 -32.93475 -17.61688 -18.49469
-62.16864 -13.80914 -162.4969 -13.00739 -8.441589
-17.91846 -14.29236 -9.890686 -15.26941 -7.709656
-38.18695 -15.00916 -10.69708 -8.623047 11.60199
-39.11768 -15.4422 -10.95374 -8.280334 10.99927
-19.55542 -15.92719 -12.26978 -14.52716 -8.709229
-57.02686 -24.83331 -174.9677 -11.85498 -23.80902
-11.08936 -6.836487 -20.23871 -12.25928 -17.71277
-6.232178 -13.96722 -47.07458 8.121948 -10.88263
-7.276367 -14.75696 -48.33112 9.7724 -10.66376
-18.38953 -11.31134 -29.05975 -12.73322 -11.7373
-17.67169 -10.11261 -28.50934 -13.73047 -11.94678
-7.691101 -8.03186 -7.731506 -12.67157 -8.770264
5.741699 -13.26807 -40.0517 61.42456 -21.06714
9.953125 -17.08362 -17.66168 16.3457 -21.80658
-4.233154 -16.29498 -9.734192 -15.98596 -19.19458
-8.138794 -10.04492 -9.509216 -9.649414 -10.09003
-7.127258 -8.477661 -8.959778 -12.15759 -10.02594
-8.228088 -9.888306 -9.389954 -10.12439 -10.9729
-9.524353 -11.03156 -11.53619 -8.854736 -12.01544
-10.00769 -11.38934 -12.59412 -8.551636 -12.96521
-9.213928 -11.10858 -11.70349 -8.645569 -12.22028
-8.177917 -8.45459 -8.275085 -13.09784 -8.990295
10.77173 -7.629578 -5.278809 -20.48181 -10.93341
-4.747864 -15.41748 -8.843811 -11.80762 -15.38037
-9.502075 -10.52728 -10.16608 -9.573914 -11.05902
-22.96552 -14.46246 -9.967346 -15.78601 -19.59125
-22.89917 -15.37488 -9.071594 -15.46179 -19.95087
-21.90295 -15.98676 -2.435913 -13.48181 -18.09155
-21.98615 -16.48566 -3.882812 -12.99249 -19.19751
-23.1123 -16.22632 -9.494141 -14.35779 -21.12402
-23.29565 -15.67218 -9.482971 -14.79462 -20.72211
-7.860535 -8.837402 -8.791016 -12.92224 -8.987305
30.87311 -9.764038 -23.48004 -7.706665 -15.74231
-5.251343 -8.637634 -6.193848 -17.24066 -17.12622
-9.582642 -10.2301 -10.31061 -9.10144 -11.1579
-23.13196 -14.81696 -9.383301 -15.81433 -19.64032
-7.700745 -5.445862 -27.11615 -13.60809 8.167786
-29.71588 -17.73138 -35.34119 -16.52777 -20.45636
-30.03308 -17.91876 -36.68103 -17.44427 -19.70325
-57.07776 -24.77924 -174.8464 -11.86865 -23.80383
-19.32037 18.66174 -23.28564 14.68213 -39.12305
-22.88208 34.25604 -29.49304 12.3089 -45.87305
-9.293762 -9.39856 -8.330078 -8.820251 -11.70355
-8.868713 -10.37079 -10.61255 -9.013733 -10.92267
-17.42975 -11.31244 -6.459412 -15.86267 -9.014587
-16.26404 -11.4776 -4.999146 -16.01385 -6.29425
-15.0097 -14.71906 -8.339966 -16.98865 -9.78009
-15.26123 -12.2807 -19.03876 -20.62695 -14.61243
-15.07739 -13.6825 -4.182861 -19.21716 -6.451355
36.4007 44.18274 -20.65985 -39.65906 -62.87372
21.08636 43.40051 -24.05579 -38.49097 -75.5
-22.07629 -9.175293 -48.6283 -31.07996 -16.17316
-21.1803 -10.52423 -43.258 -31.37439 -20.49933
-22.96362 -15.04523 -9.22998 -15.69568 -19.75848
41.24957 -30.22333 -33.81165 7.729431 -7.207153
-22.97455 -18.48254 -8.536926 -13.34375 -21.65594
-23.03406 -16.54596 -9.79303 -14.28021 -21.21954
-22.96552 -14.46246 -9.967346 -15.78601 -19.59125
-22.89917 -15.37488 -9.071594 -15.46179 -19.95087
-22.73138 -15.84497 -9.583252 -14.89093 -20.46503
-22.74475 -16.33044 -9.61322 -14.43365 -20.91962
-23.06226 -16.15192 -9.355957 -14.35406 -21.05231
-35.48663 -23.66321 -9.230713 7.238708 -49.39124
-15.76508 -27.15039 -19.68976 -19.63361 -16.21283
-23.13428 -16.61456 -9.623657 -14.29907 -21.03345
-22.91254 -16.33575 -9.563904 -14.45496 -21.07788
-23.19861 -14.77368 -9.773071 -15.60199 -20.0224
-13.66663 -18.61304 -16.49786 9.89624 -26.79694
-28.23822 -23.27637 -24.25562 9.801819 6.515259
-23.71375 -17.48932 -9.633362 -13.36835 -21.43237
-16.50385 -12.1496 -11.44873 -15.61737 -7.550964
-17.67279 -14.19165 -11.72308 -14.73792 -7.713989
-39.67664 47.1084 -19.56799 -19.40784 -14.63428
-40.13702 46.91711 -20.02362 -19.39563 -14.85626
-19.21191 -15.66125 -12.38751 -13.9198 -8.585571
-43.90045 -24.48077 -149.5947 -31.45898 -24.33044
-23.0144 -15.27301 -9.006958 -15.43121 -19.88184
-22.85645 -15.80823 -9.227234 -14.88184 -20.48785
-22.86243 -16.22839 -9.72821 -14.39539 -20.86456
-23.00909 -16.31781 -9.69519 -14.24353 -21.12433
-7.369995 -8.440979 -6.282349 -10.51251 -8.268494
-20.0354 -8.039734 -18.60632 2.467712 5.920044
-9.263123 -10.65253 -11.0611 -8.227234 -12.06116
-9.567017 -11.39984 -12.46265 -8.50238 -12.78821
-7.451782 -8.086731 -9.163574 -13.30151 -8.172729
-10.23151 -21.01062 -11.88043 -2.649353 -10.55853
-12.93445 -10.27844 -13.52887 -9.731506 -17.59619
-12.66266 -10.15143 -17.20007 -9.785706 -16.18469
-12.22845 -10.58771 -18.4046 -10.43719 -16.21838
-7.900452 -8.814758 -8.740967 -12.93713 -8.834473
-6.029175 7.327148 -20.48444 -21.34888 -9.402161
-9.343689 -10.36951 -10.71057 -9.330811 -10.28778
-9.477722 -10.40723 -10.95929 -9.066406 -10.76978
-7.124146 -7.526306 -7.892639 -12.9541 -8.434509
47.88605 -31.06091 -2.498718 -58.98962 -3.219421
-21.70709 -15.58392 -16.54022 -14.51532 -10.94995
-24.38263 -16.02032 -21.10229 -12.62939 -13.7829
-57.08398 -24.9552 -175.0752 -11.28668 -24.01471
-8.019348 -9.194702 -9.334534 -10.88776 -10.52454
-8.918884 -10.77332 -10.85254 -9.181213 -11.68536
-9.891479 -11.23462 -12.33551 -8.630554 -12.6275
-9.518555 -11.45593 -12.37524 -8.187866 -12.82629
-17.42975 -11.31244 -6.459412 -15.86267 -9.014587
-16.26404 -11.4776 -4.999146 -16.01385 -6.29425
-15.0097 -14.71906 -8.339966 -16.98865 -9.78009
-22.10217 -9.465942 -50.89825 -26.70404 -10.1911
-6.930542 -7.874451 -8.509827 -12.9549 -8.201172
-7.756836 -8.502136 -7.677673 -11.37292 -8.928711
-18.80597 50.55585 -12.26385 -40.20947 -22.00952
-20.91254 -12.0321 -22.67273 -14.35956 -14.57971
-22.41748 -12.64453 -25.16064 -14.74109 -13.84045
-23.23096 -15.19971 -9.311157 -15.39154 -20.18018
-22.74884 -51.83337 -70.35217 -60.64331 -52.33704
-23.44153 -18.41089 -9.36438 -13.3031 -21.54932
-22.9812 -16.33984 -9.484253 -14.37817 -21.06256
-7.282959 -9.138184 -9.951477 -11.88739 -9.802063
55.36951 -22.45581 -9.708923 -26.40417 -16.14014
-6.358398 -19.88348 -9.955872 -19.1637 -16.66156
-9.690247 -11.5741 -12.58484 -7.896606 -12.6756
-23.02277 -14.19415 -9.935974 -15.99634 -19.51154
-18.23657 -55.13361 -99.31372 33.84308 -63.49896
-52.11438 -54.79272 -149.9282 21.38617 -67.8941
-25.41211 -62.23169 -103.921 -18.84912 -86.86261
-16.45264 -10.724 -9.134033 -14.90167 -21.29291
36.56451 -29.80768 -14.68341 -54.6391 -18.69556
30.9574 -26.14862 -28.16321 -52.2973 -13.03107
-8.061523 -10.53363 -4.563416 -8.402344 -21.04871
-9.053101 -9.551819 -8.484619 -8.717163 -11.74957
-7.124146 -7.526306 -7.892639 -12.9541 -8.434509
-9.63501 -8.727112 -17.57581 -19.81061 7.591797
-10.18549 -11.53479 -11.87463 -18.40344 6.725647
-17.14142 -10.96832 -25.03668 -11.79346 -10.69989
-40.0683 -23.97211 -146.6437 -34.44257 -22.51154
-20.06775 -12.98334 -5.583801 -15.76953 -20.70068
-13.25732 -19.40118 -27.75629 -21.24701 -17.75323
-18.23645 -11.35211 -15.27246 -21.13281 -15.47546
-18.37128 -11.24213 -16.05548 -21.18768 -14.79779
-22.96362 -15.04523 -9.22998 -15.69568 -19.75848
-21.00232 -16.14386 -12.55914 -16.30042 -19.50024
-22.87091 -19.48517 4.529541 -22.55701 -4.583496
-22.22937 -16.28412 -9.469116 -14.63318 -20.74786
-43.90045 -24.48077 -149.5947 -31.45898 -24.33044
-23.0144 -15.27301 -9.006958 -15.43121 -19.88184
-22.49036 -68.35388 -78.91656 26.60321 -72.39026
-25.94031 -11.98328 -49.15723 -36.58521 -30.94
-23.68091 -17.12262 -9.637756 -13.43549 -21.61267
-7.221741 -7.504211 -8.005859 -12.94354 -8.523193
-7.736816 -9.061218 -8.046509 -10.79541 -9.169312
-6.723511 -8.415588 5.630554 -9.151306 -11.15979
-9.449036 -10.42456 -11.03973 -9.318542 -10.78491
-9.060425 -10.73541 -10.29712 -10.1889 -10.71283
-23.16724 -15.16064 -9.224182 -15.31647 -20.04431
-23.05127 -15.78082 -9.278259 -14.71283 -20.55658
-22.83197 -16.1861 -9.709839 -14.40472 -20.82074
-22.85095 -16.37787 -10.23871 -14.34668 -20.9798
-16.60583 -12.96619 -10.19318 -15.77881 -7.141724
-17.97339 -14.28198 -9.920715 -15.31549 -7.76001
-19.11566 -15.51324 -11.2713 -14.79242 -8.131531
-19.50482 -15.99908 -11.94696 -14.32861 -8.66748
-18.8988 -16.24634 -12.27441 -14.64764 -8.377319
-23.23096 -15.19971 -9.311157 -15.39154 -20.18018
20.64655 -52.92859 -39.97076 -62.69287 -10.06677
10.6001 -40.80811 -48.88885 -61.44275 -13.83392
-15.21527 -14.27344 -7.725403 -17.24963 -19.05701
-22.86023 -15.66968 -8.649719 -14.74915 -20.39508
-8.197693 -13.44562 -14.38251 -14.06415 -8.66864
-8.562256 -4.576477 -6.666016 -4.529724 -11.13599
-9.976562 -9.52478 13.28003 -8.396912 -16.17426
-10.99133 -9.686829 -14.01263 -17.51337 -15.07886
-12.58173 -8.393677 -17.37231 -17.04578 -14.42932
-20.89386 -12.51849 -5.657349 -17.81146 -5.317261
-15.09869 -13.02313 -2.035156 -13.42908 -0.0814209
-16.83649 -14.03455 -5.040161 -17.32166 -10.5238
-17.83276 -12.68298 -1.61554 -15.47723 -7.823059
